  cell  ,E,W,N,S
"(1, 1)",0,0,0,1
"(2, 1)",0,0,1,1
"(3, 1)",1,0,1,0
"(4, 1)",0,0,0,1
"(5, 1)",1,0,1,1
"(6, 1)",1,0,1,1
"(7, 1)",1,0,1,0
"(8, 1)",1,0,0,1
"(9, 1)",0,0,1,1
"(10, 1)",1,0,1,0
"(11, 1)",0,0,0,1
"(12, 1)",1,0,1,1
"(13, 1)",1,0,1,0
"(14, 1)",0,0,0,1
"(15, 1)",1,0,1,1
"(16, 1)",1,0,1,0
"(17, 1)",1,0,0,1
"(18, 1)",1,0,1,0
"(19, 1)",1,0,0,1
"(20, 1)",0,0,1,1
"(21, 1)",1,0,1,0
"(22, 1)",0,0,0,1
"(23, 1)",0,0,1,1
"(24, 1)",1,0,1,1
"(25, 1)",1,0,1,0
"(26, 1)",1,0,0,1
"(27, 1)",1,0,1,0
"(28, 1)",1,0,0,1
"(29, 1)",0,0,1,1
"(30, 1)",0,0,1,1
"(31, 1)",1,0,1,0
"(32, 1)",1,0,0,1
"(33, 1)",0,0,1,1
"(34, 1)",1,0,1,1
"(35, 1)",0,0,1,1
"(36, 1)",1,0,1,0
"(37, 1)",1,0,0,1
"(38, 1)",0,0,1,1
"(39, 1)",1,0,1,1
"(40, 1)",0,0,1,0
"(41, 1)",1,0,0,1
"(42, 1)",1,0,1,0
"(43, 1)",1,0,0,1
"(44, 1)",0,0,1,1
"(45, 1)",0,0,1,1
"(46, 1)",1,0,1,1
"(47, 1)",0,0,1,0
"(48, 1)",1,0,0,1
"(49, 1)",0,0,1,1
"(50, 1)",1,0,1,0
"(1, 2)",1,0,0,1
"(2, 2)",0,0,1,0
"(3, 2)",0,1,0,1
"(4, 2)",1,0,1,0
"(5, 2)",0,1,0,0
"(6, 2)",1,1,0,0
"(7, 2)",0,1,0,1
"(8, 2)",0,1,1,0
"(9, 2)",1,0,0,0
"(10, 2)",0,1,0,1
"(11, 2)",0,0,1,1
"(12, 2)",0,1,1,0
"(13, 2)",1,1,0,0
"(14, 2)",1,0,0,1
"(15, 2)",0,1,1,0
"(16, 2)",1,1,0,0
"(17, 2)",1,1,0,0
"(18, 2)",0,1,0,1
"(19, 2)",0,1,1,0
"(20, 2)",0,0,0,1
"(21, 2)",0,1,1,1
"(22, 2)",0,0,1,1
"(23, 2)",0,0,1,1
"(24, 2)",0,1,1,0
"(25, 2)",1,1,0,0
"(26, 2)",1,1,0,0
"(27, 2)",0,1,0,0
"(28, 2)",1,1,0,0
"(29, 2)",1,0,0,0
"(30, 2)",1,0,0,1
"(31, 2)",0,1,1,0
"(32, 2)",0,1,0,1
"(33, 2)",1,0,1,0
"(34, 2)",1,1,0,0
"(35, 2)",1,0,0,0
"(36, 2)",1,1,0,0
"(37, 2)",1,1,0,0
"(38, 2)",1,0,0,1
"(39, 2)",0,1,1,0
"(40, 2)",1,0,0,1
"(41, 2)",0,1,1,0
"(42, 2)",0,1,0,1
"(43, 2)",0,1,1,0
"(44, 2)",1,0,0,1
"(45, 2)",0,0,1,0
"(46, 2)",1,1,0,0
"(47, 2)",1,0,0,1
"(48, 2)",0,1,1,0
"(49, 2)",1,0,0,0
"(50, 2)",1,1,0,0
"(1, 3)",1,1,0,1
"(2, 3)",1,0,1,1
"(3, 3)",1,0,1,0
"(4, 3)",0,1,0,1
"(5, 3)",1,0,1,0
"(6, 3)",1,1,0,0
"(7, 3)",0,0,0,1
"(8, 3)",1,0,1,1
"(9, 3)",1,1,1,0
"(10, 3)",1,0,0,1
"(11, 3)",1,0,1,1
"(12, 3)",0,0,1,0
"(13, 3)",0,1,0,1
"(14, 3)",0,1,1,0
"(15, 3)",1,0,0,0
"(16, 3)",1,1,0,0
"(17, 3)",1,1,0,0
"(18, 3)",0,0,0,1
"(19, 3)",0,0,1,1
"(20, 3)",1,0,1,1
"(21, 3)",0,0,1,1
"(22, 3)",1,0,1,1
"(23, 3)",0,0,1,0
"(24, 3)",1,0,0,1
"(25, 3)",0,1,1,0
"(26, 3)",1,1,0,0
"(27, 3)",1,0,0,1
"(28, 3)",0,1,1,0
"(29, 3)",1,1,0,0
"(30, 3)",0,1,0,1
"(31, 3)",0,0,1,1
"(32, 3)",0,0,1,1
"(33, 3)",0,1,1,0
"(34, 3)",1,1,0,0
"(35, 3)",0,1,0,1
"(36, 3)",0,1,1,1
"(37, 3)",0,1,1,0
"(38, 3)",0,1,0,1
"(39, 3)",1,0,1,0
"(40, 3)",0,1,0,1
"(41, 3)",1,0,1,0
"(42, 3)",1,0,0,1
"(43, 3)",1,0,1,0
"(44, 3)",0,1,0,1
"(45, 3)",1,0,1,0
"(46, 3)",1,1,0,0
"(47, 3)",1,1,0,1
"(48, 3)",0,0,1,1
"(49, 3)",0,1,1,0
"(50, 3)",1,1,0,0
"(1, 4)",1,1,0,0
"(2, 4)",1,1,0,0
"(3, 4)",0,1,0,1
"(4, 4)",1,0,1,0
"(5, 4)",1,1,0,0
"(6, 4)",1,1,0,0
"(7, 4)",1,0,0,1
"(8, 4)",0,1,1,0
"(9, 4)",0,1,0,0
"(10, 4)",1,1,0,0
"(11, 4)",0,1,0,1
"(12, 4)",0,0,1,1
"(13, 4)",1,0,1,0
"(14, 4)",1,0,0,1
"(15, 4)",0,1,1,1
"(16, 4)",0,1,1,0
"(17, 4)",0,1,0,1
"(18, 4)",0,0,1,1
"(19, 4)",1,0,1,0
"(20, 4)",1,1,0,0
"(21, 4)",1,0,0,1
"(22, 4)",0,1,1,0
"(23, 4)",1,0,0,1
"(24, 4)",0,1,1,0
"(25, 4)",1,0,0,1
"(26, 4)",0,1,1,0
"(27, 4)",0,1,0,1
"(28, 4)",0,0,1,1
"(29, 4)",0,1,1,1
"(30, 4)",1,0,1,0
"(31, 4)",1,0,0,1
"(32, 4)",0,0,1,1
"(33, 4)",1,0,1,0
"(34, 4)",0,1,0,1
"(35, 4)",0,0,1,1
"(36, 4)",0,0,1,1
"(37, 4)",1,0,1,0
"(38, 4)",1,0,0,1
"(39, 4)",0,1,1,0
"(40, 4)",1,0,0,0
"(41, 4)",0,1,0,1
"(42, 4)",0,1,1,0
"(43, 4)",0,1,0,1
"(44, 4)",0,0,1,1
"(45, 4)",1,1,1,0
"(46, 4)",0,1,0,1
"(47, 4)",0,1,1,0
"(48, 4)",1,0,0,1
"(49, 4)",0,0,1,1
"(50, 4)",0,1,1,0
"(1, 5)",1,1,0,0
"(2, 5)",1,1,0,0
"(3, 5)",0,0,0,1
"(4, 5)",1,1,1,0
"(5, 5)",0,1,0,1
"(6, 5)",0,1,1,0
"(7, 5)",0,1,0,1
"(8, 5)",0,0,1,1
"(9, 5)",1,0,1,0
"(10, 5)",1,1,0,0
"(11, 5)",0,0,0,1
"(12, 5)",1,0,1,0
"(13, 5)",0,1,0,1
"(14, 5)",0,1,1,0
"(15, 5)",1,0,0,1
"(16, 5)",0,0,1,1
"(17, 5)",0,0,1,1
"(18, 5)",0,0,1,1
"(19, 5)",0,1,1,0
"(20, 5)",0,1,0,0
"(21, 5)",0,1,0,1
"(22, 5)",1,0,1,0
"(23, 5)",1,1,0,0
"(24, 5)",1,0,0,1
"(25, 5)",1,1,1,0
"(26, 5)",1,0,0,1
"(27, 5)",0,0,1,1
"(28, 5)",0,0,1,1
"(29, 5)",0,0,1,1
"(30, 5)",0,1,1,0
"(31, 5)",1,1,0,0
"(32, 5)",1,0,0,0
"(33, 5)",1,1,0,0
"(34, 5)",1,0,0,1
"(35, 5)",0,0,1,0
"(36, 5)",1,0,0,1
"(37, 5)",0,1,1,0
"(38, 5)",0,1,0,1
"(39, 5)",1,0,1,0
"(40, 5)",1,1,0,1
"(41, 5)",1,0,1,0
"(42, 5)",0,0,0,1
"(43, 5)",0,0,1,1
"(44, 5)",1,0,1,0
"(45, 5)",0,1,0,1
"(46, 5)",1,0,1,0
"(47, 5)",1,0,0,1
"(48, 5)",0,1,1,0
"(49, 5)",1,0,0,1
"(50, 5)",1,0,1,0
"(1, 6)",1,1,0,0
"(2, 6)",0,1,0,1
"(3, 6)",1,0,1,0
"(4, 6)",0,1,0,1
"(5, 6)",0,0,1,1
"(6, 6)",1,0,1,1
"(7, 6)",0,0,1,1
"(8, 6)",0,0,1,1
"(9, 6)",1,1,1,0
"(10, 6)",0,1,0,1
"(11, 6)",0,0,1,1
"(12, 6)",1,1,1,0
"(13, 6)",0,0,0,1
"(14, 6)",0,0,1,1
"(15, 6)",0,1,1,1
"(16, 6)",1,0,1,0
"(17, 6)",1,0,0,1
"(18, 6)",1,0,1,1
"(19, 6)",0,0,1,1
"(20, 6)",0,0,1,1
"(21, 6)",1,0,1,0
"(22, 6)",1,1,0,0
"(23, 6)",1,1,0,0
"(24, 6)",0,1,0,0
"(25, 6)",1,1,0,0
"(26, 6)",0,1,0,1
"(27, 6)",1,0,1,0
"(28, 6)",1,0,0,0
"(29, 6)",1,0,0,1
"(30, 6)",1,0,1,1
"(31, 6)",0,1,1,0
"(32, 6)",1,1,0,0
"(33, 6)",1,1,0,0
"(34, 6)",0,1,0,1
"(35, 6)",1,0,1,0
"(36, 6)",0,1,0,1
"(37, 6)",1,0,1,0
"(38, 6)",1,0,0,1
"(39, 6)",0,1,1,1
"(40, 6)",0,1,1,0
"(41, 6)",0,1,0,1
"(42, 6)",0,0,1,1
"(43, 6)",1,0,1,0
"(44, 6)",0,1,0,1
"(45, 6)",1,0,1,0
"(46, 6)",1,1,0,0
"(47, 6)",0,1,0,1
"(48, 6)",0,0,1,1
"(49, 6)",0,1,1,0
"(50, 6)",1,1,0,0
"(1, 7)",1,1,0,1
"(2, 7)",0,0,1,0
"(3, 7)",1,1,0,0
"(4, 7)",1,0,0,1
"(5, 7)",0,0,1,0
"(6, 7)",1,1,0,0
"(7, 7)",1,0,0,1
"(8, 7)",1,0,1,0
"(9, 7)",0,1,0,1
"(10, 7)",0,0,1,1
"(11, 7)",0,0,1,0
"(12, 7)",0,1,0,1
"(13, 7)",0,0,1,1
"(14, 7)",0,0,1,1
"(15, 7)",0,0,1,1
"(16, 7)",0,1,1,0
"(17, 7)",1,1,0,0
"(18, 7)",0,1,0,1
"(19, 7)",1,0,1,0
"(20, 7)",0,0,0,1
"(21, 7)",0,1,1,1
"(22, 7)",0,1,1,0
"(23, 7)",0,1,0,1
"(24, 7)",1,0,1,0
"(25, 7)",1,1,0,1
"(26, 7)",1,0,1,0
"(27, 7)",1,1,0,0
"(28, 7)",0,1,0,1
"(29, 7)",0,1,1,0
"(30, 7)",1,1,0,0
"(31, 7)",0,0,0,1
"(32, 7)",1,1,1,0
"(33, 7)",0,1,0,1
"(34, 7)",0,0,1,1
"(35, 7)",1,1,1,0
"(36, 7)",1,0,0,0
"(37, 7)",1,1,0,0
"(38, 7)",0,1,0,1
"(39, 7)",0,0,1,0
"(40, 7)",1,0,0,1
"(41, 7)",1,0,1,0
"(42, 7)",1,0,0,0
"(43, 7)",0,1,0,1
"(44, 7)",1,0,1,0
"(45, 7)",1,1,0,0
"(46, 7)",0,1,0,1
"(47, 7)",1,0,1,0
"(48, 7)",1,0,0,1
"(49, 7)",1,0,1,0
"(50, 7)",1,1,0,0
"(1, 8)",1,1,0,0
"(2, 8)",1,0,0,1
"(3, 8)",0,1,1,0
"(4, 8)",1,1,0,1
"(5, 8)",0,0,1,1
"(6, 8)",0,1,1,0
"(7, 8)",1,1,0,0
"(8, 8)",0,1,0,1
"(9, 8)",0,0,1,1
"(10, 8)",0,0,1,1
"(11, 8)",0,0,1,1
"(12, 8)",0,0,1,1
"(13, 8)",1,0,1,0
"(14, 8)",1,0,0,1
"(15, 8)",0,0,1,1
"(16, 8)",0,0,1,1
"(17, 8)",0,1,1,0
"(18, 8)",1,0,0,0
"(19, 8)",0,1,0,1
"(20, 8)",0,0,1,1
"(21, 8)",0,0,1,1
"(22, 8)",0,0,1,1
"(23, 8)",1,0,1,0
"(24, 8)",1,1,0,0
"(25, 8)",1,1,0,0
"(26, 8)",0,1,0,1
"(27, 8)",0,1,1,0
"(28, 8)",1,0,0,1
"(29, 8)",1,0,1,0
"(30, 8)",0,1,0,1
"(31, 8)",1,0,1,0
"(32, 8)",1,1,0,1
"(33, 8)",1,0,1,1
"(34, 8)",1,0,1,0
"(35, 8)",1,1,0,0
"(36, 8)",1,1,0,0
"(37, 8)",0,1,0,1
"(38, 8)",0,0,1,1
"(39, 8)",0,0,1,1
"(40, 8)",0,1,1,0
"(41, 8)",1,1,0,0
"(42, 8)",0,1,0,1
"(43, 8)",1,0,1,1
"(44, 8)",0,1,1,1
"(45, 8)",0,1,1,1
"(46, 8)",0,0,1,0
"(47, 8)",1,1,0,1
"(48, 8)",0,1,1,0
"(49, 8)",0,1,0,0
"(50, 8)",1,1,0,0
"(1, 9)",0,1,0,0
"(2, 9)",1,1,0,0
"(3, 9)",1,0,0,1
"(4, 9)",0,1,1,0
"(5, 9)",1,0,0,0
"(6, 9)",1,0,0,1
"(7, 9)",0,1,1,0
"(8, 9)",1,0,0,1
"(9, 9)",1,0,1,0
"(10, 9)",1,0,0,1
"(11, 9)",0,0,1,1
"(12, 9)",0,0,1,1
"(13, 9)",1,1,1,0
"(14, 9)",0,1,0,1
"(15, 9)",1,0,1,0
"(16, 9)",0,0,0,1
"(17, 9)",1,0,1,1
"(18, 9)",0,1,1,1
"(19, 9)",1,0,1,0
"(20, 9)",1,0,0,1
"(21, 9)",0,0,1,1
"(22, 9)",0,0,1,1
"(23, 9)",0,1,1,0
"(24, 9)",1,1,0,0
"(25, 9)",1,1,0,0
"(26, 9)",1,0,0,1
"(27, 9)",0,0,1,1
"(28, 9)",0,1,1,0
"(29, 9)",0,1,0,1
"(30, 9)",0,0,1,1
"(31, 9)",0,1,1,0
"(32, 9)",0,1,0,0
"(33, 9)",1,1,0,0
"(34, 9)",1,1,0,0
"(35, 9)",0,1,0,1
"(36, 9)",1,1,1,0
"(37, 9)",1,0,0,1
"(38, 9)",0,0,1,1
"(39, 9)",1,0,1,1
"(40, 9)",1,0,1,0
"(41, 9)",0,1,0,1
"(42, 9)",1,0,1,0
"(43, 9)",1,1,0,0
"(44, 9)",1,0,0,1
"(45, 9)",1,0,1,0
"(46, 9)",1,0,0,1
"(47, 9)",0,1,1,0
"(48, 9)",1,0,0,1
"(49, 9)",0,0,1,1
"(50, 9)",1,1,1,0
"(1, 10)",1,0,0,1
"(2, 10)",0,1,1,0
"(3, 10)",0,1,0,1
"(4, 10)",1,0,1,0
"(5, 10)",1,1,0,0
"(6, 10)",1,1,0,0
"(7, 10)",1,0,0,1
"(8, 10)",0,1,1,0
"(9, 10)",1,1,0,0
"(10, 10)",1,1,0,0
"(11, 10)",1,0,0,1
"(12, 10)",1,0,1,0
"(13, 10)",0,1,0,1
"(14, 10)",1,0,1,0
"(15, 10)",0,1,0,1
"(16, 10)",0,0,1,1
"(17, 10)",0,1,1,0
"(18, 10)",1,0,0,0
"(19, 10)",1,1,0,0
"(20, 10)",1,1,0,0
"(21, 10)",1,0,0,1
"(22, 10)",0,0,1,1
"(23, 10)",0,0,1,1
"(24, 10)",0,1,1,0
"(25, 10)",0,1,0,1
"(26, 10)",0,1,1,0
"(27, 10)",1,0,0,1
"(28, 10)",0,0,1,1
"(29, 10)",0,0,1,1
"(30, 10)",0,0,1,1
"(31, 10)",1,0,1,0
"(32, 10)",1,0,0,1
"(33, 10)",0,1,1,0
"(34, 10)",1,1,0,0
"(35, 10)",1,0,0,1
"(36, 10)",0,1,1,0
"(37, 10)",1,1,0,0
"(38, 10)",1,0,0,1
"(39, 10)",0,1,1,0
"(40, 10)",1,1,0,0
"(41, 10)",1,0,0,0
"(42, 10)",1,1,0,0
"(43, 10)",0,1,0,0
"(44, 10)",1,1,0,0
"(45, 10)",0,1,0,1
"(46, 10)",0,1,1,1
"(47, 10)",0,0,1,0
"(48, 10)",0,1,0,1
"(49, 10)",1,0,1,0
"(50, 10)",1,1,0,0
"(1, 11)",1,1,0,0
"(2, 11)",1,0,0,1
"(3, 11)",0,0,1,1
"(4, 11)",0,1,1,1
"(5, 11)",0,1,1,0
"(6, 11)",1,1,0,0
"(7, 11)",0,1,0,0
"(8, 11)",1,0,0,1
"(9, 11)",1,1,1,0
"(10, 11)",0,1,0,1
"(11, 11)",0,1,1,0
"(12, 11)",1,1,0,0
"(13, 11)",0,0,0,1
"(14, 11)",0,1,1,1
"(15, 11)",0,0,1,0
"(16, 11)",1,0,0,1
"(17, 11)",0,0,1,1
"(18, 11)",0,1,1,1
"(19, 11)",0,1,1,0
"(20, 11)",1,1,0,0
"(21, 11)",0,1,0,1
"(22, 11)",1,0,1,0
"(23, 11)",1,0,0,1
"(24, 11)",0,0,1,1
"(25, 11)",0,0,1,1
"(26, 11)",1,0,1,0
"(27, 11)",1,1,0,1
"(28, 11)",1,0,1,0
"(29, 11)",0,0,0,1
"(30, 11)",1,0,1,1
"(31, 11)",0,1,1,1
"(32, 11)",0,1,1,0
"(33, 11)",1,0,0,1
"(34, 11)",0,1,1,0
"(35, 11)",1,1,0,0
"(36, 11)",0,0,0,1
"(37, 11)",0,1,1,0
"(38, 11)",1,1,0,0
"(39, 11)",1,0,0,0
"(40, 11)",0,1,0,1
"(41, 11)",1,1,1,0
"(42, 11)",0,1,0,1
"(43, 11)",0,0,1,1
"(44, 11)",0,1,1,0
"(45, 11)",1,0,0,1
"(46, 11)",0,0,1,1
"(47, 11)",1,0,1,0
"(48, 11)",1,0,0,1
"(49, 11)",0,1,1,0
"(50, 11)",0,1,0,0
"(1, 12)",1,1,0,0
"(2, 12)",0,1,0,1
"(3, 12)",0,0,1,0
"(4, 12)",1,0,0,1
"(5, 12)",0,0,1,1
"(6, 12)",0,1,1,0
"(7, 12)",1,0,0,1
"(8, 12)",0,1,1,0
"(9, 12)",0,1,0,1
"(10, 12)",1,0,1,0
"(11, 12)",1,0,0,0
"(12, 12)",1,1,0,0
"(13, 12)",1,0,0,1
"(14, 12)",0,0,1,1
"(15, 12)",0,0,1,1
"(16, 12)",0,1,1,0
"(17, 12)",1,0,0,1
"(18, 12)",1,0,1,0
"(19, 12)",1,0,0,1
"(20, 12)",0,1,1,0
"(21, 12)",1,0,0,1
"(22, 12)",0,1,1,0
"(23, 12)",1,1,0,0
"(24, 12)",1,0,0,1
"(25, 12)",1,0,1,0
"(26, 12)",1,1,0,0
"(27, 12)",1,1,0,0
"(28, 12)",0,1,0,1
"(29, 12)",1,0,1,0
"(30, 12)",0,1,0,0
"(31, 12)",1,0,0,1
"(32, 12)",1,0,1,0
"(33, 12)",0,1,0,1
"(34, 12)",1,0,1,0
"(35, 12)",1,1,0,0
"(36, 12)",1,0,0,1
"(37, 12)",1,0,1,0
"(38, 12)",1,1,0,0
"(39, 12)",1,1,0,1
"(40, 12)",0,0,1,0
"(41, 12)",0,1,0,1
"(42, 12)",1,0,1,0
"(43, 12)",1,0,0,1
"(44, 12)",1,0,1,0
"(45, 12)",1,1,0,0
"(46, 12)",0,0,0,1
"(47, 12)",1,1,1,0
"(48, 12)",1,1,0,1
"(49, 12)",0,0,1,1
"(50, 12)",1,0,1,0
"(1, 13)",1,1,0,1
"(2, 13)",0,0,1,1
"(3, 13)",1,0,1,0
"(4, 13)",0,1,0,1
"(5, 13)",0,0,1,1
"(6, 13)",1,0,1,0
"(7, 13)",1,1,0,1
"(8, 13)",0,0,1,1
"(9, 13)",1,0,1,0
"(10, 13)",0,1,0,1
"(11, 13)",1,1,1,0
"(12, 13)",1,1,0,0
"(13, 13)",0,1,0,1
"(14, 13)",0,0,1,1
"(15, 13)",1,0,1,0
"(16, 13)",1,0,0,1
"(17, 13)",0,1,1,0
"(18, 13)",1,1,0,0
"(19, 13)",0,1,0,1
"(20, 13)",0,0,1,1
"(21, 13)",0,1,1,0
"(22, 13)",1,0,0,1
"(23, 13)",0,1,1,0
"(24, 13)",0,1,0,0
"(25, 13)",1,1,0,0
"(26, 13)",0,1,0,1
"(27, 13)",0,1,1,0
"(28, 13)",1,0,0,0
"(29, 13)",0,1,0,1
"(30, 13)",0,0,1,1
"(31, 13)",0,1,1,0
"(32, 13)",0,1,0,1
"(33, 13)",1,0,1,0
"(34, 13)",0,1,0,0
"(35, 13)",0,1,0,1
"(36, 13)",1,1,1,0
"(37, 13)",0,1,0,1
"(38, 13)",0,1,1,0
"(39, 13)",1,1,0,0
"(40, 13)",1,0,0,1
"(41, 13)",1,0,1,0
"(42, 13)",1,1,0,0
"(43, 13)",0,1,0,0
"(44, 13)",1,1,0,0
"(45, 13)",0,1,0,1
"(46, 13)",1,0,1,0
"(47, 13)",1,1,0,0
"(48, 13)",0,1,0,1
"(49, 13)",0,0,1,0
"(50, 13)",1,1,0,0
"(1, 14)",1,1,0,0
"(2, 14)",1,0,0,0
"(3, 14)",0,1,0,1
"(4, 14)",0,0,1,1
"(5, 14)",0,0,1,1
"(6, 14)",0,1,1,0
"(7, 14)",0,1,0,0
"(8, 14)",1,0,0,1
"(9, 14)",0,1,1,0
"(10, 14)",1,0,0,1
"(11, 14)",0,1,1,0
"(12, 14)",0,1,0,1
"(13, 14)",1,0,1,0
"(14, 14)",1,0,0,1
"(15, 14)",0,1,1,0
"(16, 14)",1,1,0,1
"(17, 14)",1,0,1,0
"(18, 14)",0,1,0,0
"(19, 14)",1,0,0,1
"(20, 14)",1,0,1,1
"(21, 14)",0,0,1,0
"(22, 14)",1,1,0,0
"(23, 14)",1,0,0,1
"(24, 14)",0,0,1,1
"(25, 14)",0,1,1,1
"(26, 14)",0,0,1,1
"(27, 14)",1,0,1,0
"(28, 14)",0,1,0,1
"(29, 14)",1,0,1,1
"(30, 14)",1,0,1,0
"(31, 14)",1,0,0,1
"(32, 14)",0,0,1,0
"(33, 14)",0,1,0,1
"(34, 14)",1,0,1,0
"(35, 14)",1,0,0,1
"(36, 14)",0,1,1,0
"(37, 14)",1,0,0,1
"(38, 14)",1,0,1,0
"(39, 14)",0,1,0,1
"(40, 14)",0,1,1,0
"(41, 14)",1,1,0,0
"(42, 14)",0,1,0,1
"(43, 14)",1,0,1,0
"(44, 14)",1,1,0,0
"(45, 14)",1,0,0,1
"(46, 14)",0,1,1,0
"(47, 14)",1,1,0,0
"(48, 14)",1,0,0,1
"(49, 14)",0,0,1,1
"(50, 14)",1,1,1,0
"(1, 15)",0,1,0,1
"(2, 15)",1,1,1,0
"(3, 15)",1,0,0,1
"(4, 15)",0,0,1,1
"(5, 15)",1,0,1,0
"(6, 15)",1,0,0,1
"(7, 15)",1,0,1,0
"(8, 15)",0,1,0,1
"(9, 15)",1,0,1,0
"(10, 15)",1,1,0,0
"(11, 15)",1,0,0,1
"(12, 15)",0,0,1,0
"(13, 15)",1,1,0,0
"(14, 15)",1,1,0,0
"(15, 15)",0,0,0,1
"(16, 15)",0,1,1,0
"(17, 15)",1,1,0,1
"(18, 15)",0,0,1,1
"(19, 15)",0,1,1,0
"(20, 15)",0,1,0,1
"(21, 15)",1,0,1,0
"(22, 15)",1,1,0,0
"(23, 15)",1,1,0,0
"(24, 15)",0,0,0,1
"(25, 15)",1,0,1,1
"(26, 15)",1,0,1,0
"(27, 15)",0,1,0,1
"(28, 15)",0,0,1,1
"(29, 15)",0,1,1,0
"(30, 15)",1,1,0,0
"(31, 15)",0,1,0,1
"(32, 15)",0,0,1,1
"(33, 15)",1,0,1,0
"(34, 15)",0,1,0,1
"(35, 15)",0,1,1,0
"(36, 15)",1,0,0,1
"(37, 15)",0,1,1,0
"(38, 15)",0,1,0,1
"(39, 15)",0,0,1,1
"(40, 15)",1,0,1,0
"(41, 15)",0,1,0,1
"(42, 15)",0,0,1,1
"(43, 15)",0,1,1,1
"(44, 15)",0,1,1,0
"(45, 15)",0,1,0,1
"(46, 15)",1,0,1,0
"(47, 15)",1,1,0,0
"(48, 15)",1,1,0,0
"(49, 15)",1,0,0,0
"(50, 15)",1,1,0,0
"(1, 16)",1,0,0,0
"(2, 16)",0,1,0,1
"(3, 16)",0,1,1,0
"(4, 16)",1,0,0,0
"(5, 16)",0,1,0,1
"(6, 16)",0,1,1,0
"(7, 16)",0,1,0,1
"(8, 16)",1,0,1,0
"(9, 16)",1,1,0,0
"(10, 16)",1,1,0,0
"(11, 16)",1,1,0,0
"(12, 16)",1,0,0,1
"(13, 16)",0,1,1,0
"(14, 16)",0,1,0,1
"(15, 16)",0,0,1,1
"(16, 16)",1,0,1,0
"(17, 16)",0,1,0,0
"(18, 16)",1,0,0,1
"(19, 16)",0,0,1,1
"(20, 16)",1,0,1,0
"(21, 16)",1,1,0,0
"(22, 16)",0,1,0,1
"(23, 16)",0,1,1,0
"(24, 16)",1,0,0,1
"(25, 16)",0,1,1,0
"(26, 16)",0,1,0,1
"(27, 16)",0,0,1,1
"(28, 16)",1,0,1,0
"(29, 16)",1,0,0,0
"(30, 16)",1,1,0,0
"(31, 16)",1,0,0,1
"(32, 16)",1,0,1,1
"(33, 16)",0,1,1,0
"(34, 16)",1,0,0,1
"(35, 16)",1,0,1,0
"(36, 16)",1,1,0,0
"(37, 16)",0,0,0,1
"(38, 16)",1,0,1,1
"(39, 16)",1,0,1,0
"(40, 16)",0,1,0,1
"(41, 16)",0,0,1,1
"(42, 16)",0,0,1,1
"(43, 16)",0,0,1,1
"(44, 16)",0,0,1,1
"(45, 16)",0,0,1,1
"(46, 16)",0,1,1,0
"(47, 16)",0,1,0,1
"(48, 16)",0,1,1,0
"(49, 16)",1,1,0,0
"(50, 16)",1,1,0,0
"(1, 17)",1,1,0,1
"(2, 17)",1,0,1,0
"(3, 17)",1,0,0,1
"(4, 17)",0,1,1,1
"(5, 17)",0,0,1,1
"(6, 17)",0,0,1,1
"(7, 17)",1,0,1,0
"(8, 17)",1,1,0,0
"(9, 17)",1,1,0,0
"(10, 17)",1,1,0,1
"(11, 17)",0,1,1,0
"(12, 17)",0,1,0,1
"(13, 17)",0,0,1,1
"(14, 17)",0,0,1,1
"(15, 17)",1,0,1,0
"(16, 17)",0,1,0,1
"(17, 17)",0,0,1,1
"(18, 17)",0,1,1,0
"(19, 17)",1,0,0,1
"(20, 17)",0,1,1,0
"(21, 17)",1,1,0,1
"(22, 17)",0,0,1,1
"(23, 17)",1,0,1,1
"(24, 17)",0,1,1,0
"(25, 17)",1,0,0,1
"(26, 17)",0,0,1,1
"(27, 17)",0,0,1,0
"(28, 17)",0,1,0,1
"(29, 17)",1,1,1,0
"(30, 17)",0,1,0,1
"(31, 17)",0,1,1,0
"(32, 17)",1,1,0,0
"(33, 17)",1,0,0,1
"(34, 17)",0,1,1,0
"(35, 17)",1,1,0,0
"(36, 17)",1,1,0,0
"(37, 17)",1,0,0,1
"(38, 17)",0,1,1,0
"(39, 17)",1,1,0,0
"(40, 17)",0,0,0,1
"(41, 17)",1,0,1,1
"(42, 17)",0,0,1,1
"(43, 17)",1,0,1,1
"(44, 17)",0,0,1,1
"(45, 17)",0,0,1,1
"(46, 17)",1,0,1,0
"(47, 17)",1,0,0,1
"(48, 17)",1,0,1,1
"(49, 17)",0,1,1,0
"(50, 17)",1,1,0,0
"(1, 18)",1,1,0,0
"(2, 18)",1,1,0,0
"(3, 18)",1,1,0,0
"(4, 18)",1,0,0,1
"(5, 18)",0,0,1,1
"(6, 18)",1,0,1,0
"(7, 18)",0,1,0,1
"(8, 18)",0,1,1,0
"(9, 18)",1,1,0,0
"(10, 18)",1,1,0,0
"(11, 18)",1,0,0,1
"(12, 18)",0,0,1,1
"(13, 18)",1,0,1,0
"(14, 18)",1,0,0,1
"(15, 18)",0,1,1,1
"(16, 18)",0,0,1,1
"(17, 18)",0,0,1,0
"(18, 18)",1,0,0,1
"(19, 18)",0,1,1,0
"(20, 18)",0,0,0,1
"(21, 18)",0,1,1,0
"(22, 18)",1,0,0,1
"(23, 18)",0,1,1,0
"(24, 18)",1,0,0,1
"(25, 18)",1,1,1,0
"(26, 18)",1,0,0,1
"(27, 18)",0,0,1,1
"(28, 18)",0,0,1,1
"(29, 18)",1,1,1,0
"(30, 18)",1,0,0,1
"(31, 18)",0,0,1,0
"(32, 18)",1,1,0,0
"(33, 18)",0,1,0,1
"(34, 18)",1,0,1,0
"(35, 18)",1,1,0,1
"(36, 18)",0,1,1,0
"(37, 18)",0,1,0,1
"(38, 18)",1,0,1,0
"(39, 18)",0,1,0,1
"(40, 18)",1,0,1,0
"(41, 18)",0,1,0,0
"(42, 18)",1,0,0,1
"(43, 18)",0,1,1,0
"(44, 18)",1,0,0,1
"(45, 18)",1,0,1,0
"(46, 18)",0,1,0,1
"(47, 18)",0,1,1,0
"(48, 18)",1,1,0,0
"(49, 18)",1,0,0,1
"(50, 18)",0,1,1,0
"(1, 19)",1,1,0,0
"(2, 19)",0,1,0,1
"(3, 19)",0,1,1,0
"(4, 19)",1,1,0,0
"(5, 19)",1,0,0,1
"(6, 19)",0,1,1,0
"(7, 19)",1,0,0,0
"(8, 19)",1,0,0,1
"(9, 19)",1,1,1,0
"(10, 19)",0,1,0,0
"(11, 19)",0,1,0,1
"(12, 19)",1,0,1,0
"(13, 19)",1,1,0,0
"(14, 19)",0,1,0,1
"(15, 19)",0,0,1,1
"(16, 19)",1,0,1,0
"(17, 19)",1,0,0,1
"(18, 19)",0,1,1,0
"(19, 19)",1,0,0,1
"(20, 19)",0,0,1,1
"(21, 19)",0,0,1,1
"(22, 19)",0,1,1,0
"(23, 19)",1,0,0,1
"(24, 19)",0,1,1,0
"(25, 19)",1,1,0,0
"(26, 19)",1,1,0,0
"(27, 19)",1,0,0,1
"(28, 19)",1,0,1,0
"(29, 19)",0,1,0,1
"(30, 19)",1,1,1,0
"(31, 19)",1,0,0,1
"(32, 19)",0,1,1,0
"(33, 19)",1,0,0,0
"(34, 19)",1,1,0,0
"(35, 19)",0,1,0,0
"(36, 19)",1,0,0,1
"(37, 19)",1,0,1,0
"(38, 19)",0,1,0,1
"(39, 19)",1,0,1,0
"(40, 19)",0,1,0,1
"(41, 19)",1,0,1,0
"(42, 19)",0,1,0,1
"(43, 19)",1,0,1,0
"(44, 19)",1,1,0,0
"(45, 19)",0,1,0,1
"(46, 19)",0,0,1,0
"(47, 19)",1,0,0,1
"(48, 19)",0,1,1,0
"(49, 19)",0,1,0,1
"(50, 19)",1,0,1,0
"(1, 20)",1,1,0,0
"(2, 20)",0,0,0,1
"(3, 20)",0,0,1,1
"(4, 20)",1,1,1,0
"(5, 20)",1,1,0,0
"(6, 20)",1,0,0,0
"(7, 20)",1,1,0,1
"(8, 20)",0,1,1,0
"(9, 20)",1,1,0,0
"(10, 20)",1,0,0,1
"(11, 20)",0,0,1,1
"(12, 20)",0,1,1,0
"(13, 20)",0,1,0,1
"(14, 20)",1,0,1,1
"(15, 20)",1,0,1,0
"(16, 20)",0,1,0,1
"(17, 20)",0,1,1,0
"(18, 20)",1,0,0,1
"(19, 20)",0,1,1,0
"(20, 20)",1,0,0,1
"(21, 20)",1,0,1,1
"(22, 20)",0,0,1,0
"(23, 20)",0,1,0,1
"(24, 20)",1,0,1,0
"(25, 20)",1,1,0,0
"(26, 20)",1,1,0,0
"(27, 20)",1,1,0,0
"(28, 20)",0,1,0,1
"(29, 20)",1,0,1,0
"(30, 20)",0,1,0,0
"(31, 20)",1,1,0,0
"(32, 20)",1,0,0,1
"(33, 20)",1,1,1,0
"(34, 20)",0,1,0,1
"(35, 20)",1,0,1,0
"(36, 20)",1,1,0,0
"(37, 20)",0,1,0,1
"(38, 20)",1,0,1,0
"(39, 20)",1,1,0,0
"(40, 20)",0,0,0,1
"(41, 20)",0,1,1,1
"(42, 20)",0,0,1,1
"(43, 20)",0,1,1,0
"(44, 20)",1,1,0,1
"(45, 20)",0,0,1,1
"(46, 20)",0,0,1,1
"(47, 20)",0,1,1,1
"(48, 20)",0,0,1,0
"(49, 20)",1,0,0,1
"(50, 20)",0,1,1,0
"(1, 21)",1,1,0,0
"(2, 21)",1,0,0,1
"(3, 21)",0,0,1,1
"(4, 21)",0,1,1,0
"(5, 21)",0,1,0,1
"(6, 21)",1,1,1,0
"(7, 21)",0,1,0,1
"(8, 21)",1,0,1,0
"(9, 21)",1,1,0,0
"(10, 21)",0,1,0,1
"(11, 21)",1,0,1,0
"(12, 21)",1,0,0,1
"(13, 21)",1,0,1,0
"(14, 21)",1,1,0,0
"(15, 21)",1,1,0,0
"(16, 21)",0,0,0,1
"(17, 21)",1,0,1,1
"(18, 21)",0,1,1,0
"(19, 21)",1,0,0,1
"(20, 21)",0,1,1,0
"(21, 21)",1,1,0,0
"(22, 21)",1,0,0,1
"(23, 21)",0,0,1,1
"(24, 21)",0,1,1,0
"(25, 21)",0,1,0,1
"(26, 21)",0,1,1,0
"(27, 21)",0,1,0,1
"(28, 21)",1,0,1,0
"(29, 21)",1,1,0,0
"(30, 21)",1,0,0,1
"(31, 21)",0,1,1,0
"(32, 21)",1,1,0,0
"(33, 21)",1,1,0,1
"(34, 21)",0,0,1,0
"(35, 21)",0,1,0,1
"(36, 21)",0,1,1,1
"(37, 21)",1,0,1,0
"(38, 21)",1,1,0,0
"(39, 21)",1,1,0,1
"(40, 21)",0,0,1,1
"(41, 21)",0,0,1,1
"(42, 21)",1,0,1,0
"(43, 21)",1,0,0,1
"(44, 21)",0,1,1,1
"(45, 21)",0,0,1,1
"(46, 21)",0,0,1,0
"(47, 21)",1,0,0,1
"(48, 21)",1,0,1,0
"(49, 21)",1,1,0,0
"(50, 21)",1,0,0,0
"(1, 22)",1,1,0,0
"(2, 22)",0,1,0,1
"(3, 22)",1,0,1,0
"(4, 22)",1,0,0,1
"(5, 22)",1,0,1,0
"(6, 22)",0,1,0,1
"(7, 22)",1,0,1,0
"(8, 22)",0,1,0,0
"(9, 22)",0,1,0,1
"(10, 22)",0,0,1,1
"(11, 22)",0,1,1,0
"(12, 22)",1,1,0,0
"(13, 22)",0,1,0,1
"(14, 22)",0,1,1,0
"(15, 22)",1,1,0,0
"(16, 22)",1,0,0,1
"(17, 22)",0,1,1,0
"(18, 22)",1,0,0,1
"(19, 22)",0,1,1,1
"(20, 22)",0,0,1,0
"(21, 22)",0,1,0,1
"(22, 22)",0,1,1,1
"(23, 22)",0,0,1,0
"(24, 22)",1,0,0,1
"(25, 22)",0,0,1,1
"(26, 22)",1,0,1,1
"(27, 22)",0,0,1,0
"(28, 22)",1,1,0,0
"(29, 22)",1,1,0,0
"(30, 22)",1,1,0,0
"(31, 22)",1,0,0,1
"(32, 22)",0,1,1,0
"(33, 22)",0,1,0,0
"(34, 22)",1,0,0,1
"(35, 22)",1,0,1,0
"(36, 22)",0,0,0,1
"(37, 22)",0,1,1,0
"(38, 22)",1,1,0,0
"(39, 22)",1,1,0,1
"(40, 22)",0,0,1,0
"(41, 22)",1,0,0,1
"(42, 22)",1,1,1,0
"(43, 22)",0,1,0,1
"(44, 22)",0,0,1,0
"(45, 22)",1,0,0,1
"(46, 22)",0,0,1,1
"(47, 22)",0,1,1,0
"(48, 22)",0,1,0,1
"(49, 22)",0,1,1,0
"(50, 22)",1,1,0,0
"(1, 23)",0,1,0,1
"(2, 23)",1,0,1,0
"(3, 23)",1,1,0,0
"(4, 23)",1,1,0,0
"(5, 23)",0,1,0,1
"(6, 23)",0,0,1,1
"(7, 23)",0,1,1,0
"(8, 23)",1,0,0,1
"(9, 23)",0,0,1,1
"(10, 23)",0,0,1,1
"(11, 23)",1,0,1,0
"(12, 23)",1,1,0,0
"(13, 23)",1,0,0,1
"(14, 23)",0,0,1,0
"(15, 23)",1,1,0,0
"(16, 23)",1,1,0,0
"(17, 23)",0,0,0,1
"(18, 23)",0,1,1,0
"(19, 23)",1,0,0,1
"(20, 23)",0,0,1,1
"(21, 23)",0,0,1,1
"(22, 23)",0,0,1,1
"(23, 23)",0,0,1,1
"(24, 23)",0,1,1,0
"(25, 23)",1,0,0,0
"(26, 23)",1,1,0,0
"(27, 23)",1,0,0,1
"(28, 23)",0,1,1,0
"(29, 23)",1,1,0,0
"(30, 23)",1,1,0,0
"(31, 23)",0,1,0,1
"(32, 23)",1,0,1,0
"(33, 23)",1,0,0,1
"(34, 23)",0,1,1,0
"(35, 23)",0,1,0,1
"(36, 23)",0,0,1,1
"(37, 23)",1,0,1,0
"(38, 23)",1,1,0,0
"(39, 23)",0,1,0,0
"(40, 23)",1,0,0,1
"(41, 23)",0,1,1,0
"(42, 23)",1,1,0,0
"(43, 23)",1,0,0,1
"(44, 23)",0,0,1,1
"(45, 23)",0,1,1,0
"(46, 23)",1,0,0,1
"(47, 23)",0,0,1,1
"(48, 23)",1,0,1,0
"(49, 23)",0,0,0,1
"(50, 23)",1,1,1,0
"(1, 24)",1,0,0,0
"(2, 24)",0,1,0,1
"(3, 24)",0,1,1,0
"(4, 24)",0,1,0,1
"(5, 24)",1,0,1,0
"(6, 24)",0,0,0,1
"(7, 24)",1,0,1,1
"(8, 24)",0,1,1,0
"(9, 24)",0,0,0,1
"(10, 24)",1,0,1,0
"(11, 24)",0,1,0,1
"(12, 24)",0,1,1,0
"(13, 24)",1,1,0,1
"(14, 24)",0,0,1,1
"(15, 24)",0,1,1,0
"(16, 24)",1,1,0,1
"(17, 24)",1,0,1,0
"(18, 24)",1,0,0,1
"(19, 24)",0,1,1,0
"(20, 24)",0,0,0,1
"(21, 24)",0,0,1,1
"(22, 24)",1,0,1,1
"(23, 24)",0,0,1,1
"(24, 24)",0,0,1,1
"(25, 24)",1,1,1,0
"(26, 24)",0,1,0,1
"(27, 24)",0,1,1,0
"(28, 24)",1,0,0,0
"(29, 24)",0,1,0,1
"(30, 24)",0,1,1,1
"(31, 24)",0,0,1,1
"(32, 24)",0,1,1,0
"(33, 24)",1,1,0,0
"(34, 24)",1,0,0,1
"(35, 24)",1,0,1,0
"(36, 24)",1,0,0,0
"(37, 24)",1,1,0,0
"(38, 24)",1,1,0,0
"(39, 24)",1,0,0,1
"(40, 24)",0,1,1,0
"(41, 24)",1,0,0,1
"(42, 24)",1,1,1,0
"(43, 24)",0,1,0,1
"(44, 24)",0,0,1,1
"(45, 24)",1,0,1,0
"(46, 24)",1,1,0,1
"(47, 24)",1,0,1,0
"(48, 24)",0,1,0,1
"(49, 24)",0,0,1,1
"(50, 24)",0,1,1,0
"(1, 25)",1,1,0,1
"(2, 25)",0,0,1,1
"(3, 25)",1,0,1,0
"(4, 25)",1,0,0,1
"(5, 25)",0,1,1,0
"(6, 25)",1,0,0,1
"(7, 25)",0,1,1,0
"(8, 25)",1,0,0,1
"(9, 25)",0,0,1,1
"(10, 25)",0,1,1,1
"(11, 25)",1,0,1,1
"(12, 25)",0,0,1,0
"(13, 25)",0,1,0,1
"(14, 25)",1,0,1,0
"(15, 25)",1,0,0,1
"(16, 25)",0,1,1,0
"(17, 25)",1,1,0,0
"(18, 25)",0,1,0,1
"(19, 25)",1,0,1,0
"(20, 25)",1,0,0,1
"(21, 25)",0,0,1,1
"(22, 25)",0,1,1,0
"(23, 25)",1,0,0,1
"(24, 25)",0,0,1,1
"(25, 25)",0,1,1,0
"(26, 25)",0,0,0,1
"(27, 25)",0,0,1,1
"(28, 25)",0,1,1,1
"(29, 25)",1,0,1,1
"(30, 25)",1,0,1,0
"(31, 25)",1,0,0,1
"(32, 25)",1,0,1,0
"(33, 25)",1,1,0,0
"(34, 25)",1,1,0,0
"(35, 25)",0,1,0,1
"(36, 25)",1,1,1,0
"(37, 25)",1,1,0,0
"(38, 25)",1,1,0,0
"(39, 25)",1,1,0,0
"(40, 25)",0,0,0,1
"(41, 25)",1,1,1,0
"(42, 25)",0,1,0,0
"(43, 25)",1,0,0,1
"(44, 25)",0,0,1,1
"(45, 25)",0,1,1,0
"(46, 25)",0,1,0,0
"(47, 25)",0,1,0,1
"(48, 25)",0,0,1,1
"(49, 25)",0,0,1,1
"(50, 25)",1,0,1,0
"(1, 26)",1,1,0,0
"(2, 26)",1,0,0,0
"(3, 26)",1,1,0,0
"(4, 26)",0,1,0,1
"(5, 26)",0,0,1,1
"(6, 26)",0,1,1,0
"(7, 26)",1,0,0,0
"(8, 26)",1,1,0,1
"(9, 26)",0,0,1,1
"(10, 26)",1,0,1,0
"(11, 26)",0,1,0,0
"(12, 26)",1,0,0,1
"(13, 26)",1,0,1,0
"(14, 26)",1,1,0,0
"(15, 26)",0,1,0,1
"(16, 26)",1,0,1,0
"(17, 26)",0,1,0,1
"(18, 26)",0,0,1,1
"(19, 26)",0,1,1,0
"(20, 26)",1,1,0,1
"(21, 26)",0,0,1,1
"(22, 26)",1,0,1,0
"(23, 26)",1,1,0,0
"(24, 26)",0,0,0,1
"(25, 26)",1,0,1,1
"(26, 26)",0,0,1,1
"(27, 26)",1,0,1,1
"(28, 26)",0,0,1,1
"(29, 26)",0,1,1,0
"(30, 26)",1,1,0,0
"(31, 26)",1,1,0,0
"(32, 26)",0,1,0,1
"(33, 26)",0,1,1,0
"(34, 26)",1,1,0,1
"(35, 26)",1,0,1,0
"(36, 26)",0,1,0,0
"(37, 26)",0,1,0,1
"(38, 26)",0,1,1,0
"(39, 26)",1,1,0,1
"(40, 26)",1,0,1,0
"(41, 26)",0,1,0,0
"(42, 26)",1,0,0,1
"(43, 26)",0,1,1,0
"(44, 26)",1,0,0,1
"(45, 26)",0,0,1,1
"(46, 26)",0,0,1,1
"(47, 26)",0,0,1,1
"(48, 26)",0,0,1,1
"(49, 26)",0,0,1,1
"(50, 26)",1,1,1,0
"(1, 27)",1,1,0,0
"(2, 27)",1,1,0,0
"(3, 27)",0,1,0,1
"(4, 27)",1,0,1,0
"(5, 27)",1,0,0,1
"(6, 27)",0,0,1,1
"(7, 27)",0,1,1,0
"(8, 27)",1,1,0,0
"(9, 27)",1,0,0,0
"(10, 27)",0,1,0,1
"(11, 27)",0,0,1,1
"(12, 27)",0,1,1,0
"(13, 27)",0,1,0,1
"(14, 27)",0,1,1,0
"(15, 27)",1,0,0,1
"(16, 27)",0,1,1,0
"(17, 27)",0,0,0,1
"(18, 27)",1,0,1,1
"(19, 27)",1,0,1,0
"(20, 27)",0,1,0,1
"(21, 27)",1,0,1,0
"(22, 27)",1,1,0,0
"(23, 27)",0,1,0,1
"(24, 27)",1,0,1,0
"(25, 27)",1,1,0,0
"(26, 27)",0,0,0,1
"(27, 27)",0,1,1,0
"(28, 27)",1,0,0,1
"(29, 27)",1,0,1,0
"(30, 27)",0,1,0,0
"(31, 27)",0,1,0,1
"(32, 27)",1,0,1,0
"(33, 27)",1,0,0,1
"(34, 27)",0,1,1,0
"(35, 27)",0,1,0,1
"(36, 27)",0,0,1,1
"(37, 27)",0,0,1,1
"(38, 27)",0,0,1,1
"(39, 27)",1,1,1,0
"(40, 27)",0,1,0,1
"(41, 27)",0,0,1,1
"(42, 27)",0,1,1,0
"(43, 27)",1,0,0,1
"(44, 27)",1,1,1,0
"(45, 27)",1,0,0,0
"(46, 27)",1,0,0,1
"(47, 27)",1,0,1,1
"(48, 27)",1,0,1,0
"(49, 27)",1,0,0,0
"(50, 27)",1,1,0,0
"(1, 28)",1,1,0,0
"(2, 28)",1,1,0,1
"(3, 28)",1,0,1,0
"(4, 28)",1,1,0,0
"(5, 28)",1,1,0,0
"(6, 28)",1,0,0,1
"(7, 28)",0,0,1,1
"(8, 28)",0,1,1,0
"(9, 28)",1,1,0,1
"(10, 28)",1,0,1,0
"(11, 28)",0,0,0,1
"(12, 28)",0,0,1,1
"(13, 28)",1,0,1,1
"(14, 28)",1,0,1,0
"(15, 28)",0,1,0,1
"(16, 28)",0,0,1,1
"(17, 28)",0,0,1,1
"(18, 28)",0,1,1,0
"(19, 28)",1,1,0,0
"(20, 28)",0,0,0,1
"(21, 28)",0,1,1,0
"(22, 28)",1,1,0,0
"(23, 28)",1,0,0,0
"(24, 28)",1,1,0,0
"(25, 28)",0,1,0,1
"(26, 28)",1,0,1,0
"(27, 28)",1,0,0,1
"(28, 28)",0,1,1,0
"(29, 28)",0,1,0,1
"(30, 28)",1,0,1,1
"(31, 28)",0,0,1,1
"(32, 28)",0,1,1,0
"(33, 28)",0,1,0,1
"(34, 28)",1,0,1,0
"(35, 28)",1,0,0,1
"(36, 28)",0,0,1,0
"(37, 28)",1,0,0,1
"(38, 28)",1,0,1,0
"(39, 28)",0,1,0,1
"(40, 28)",0,0,1,1
"(41, 28)",0,0,1,1
"(42, 28)",0,0,1,1
"(43, 28)",0,1,1,0
"(44, 28)",0,1,0,0
"(45, 28)",1,1,0,1
"(46, 28)",0,1,1,0
"(47, 28)",1,1,0,0
"(48, 28)",0,1,0,1
"(49, 28)",1,1,1,0
"(50, 28)",1,1,0,0
"(1, 29)",1,1,0,0
"(2, 29)",0,1,0,0
"(3, 29)",0,1,0,1
"(4, 29)",0,1,1,1
"(5, 29)",0,1,1,0
"(6, 29)",0,1,0,1
"(7, 29)",1,0,1,0
"(8, 29)",1,0,0,1
"(9, 29)",0,1,1,0
"(10, 29)",0,1,0,1
"(11, 29)",0,0,1,1
"(12, 29)",0,0,1,1
"(13, 29)",0,1,1,0
"(14, 29)",1,1,0,0
"(15, 29)",1,0,0,1
"(16, 29)",1,0,1,0
"(17, 29)",0,0,0,1
"(18, 29)",1,0,1,0
"(19, 29)",1,1,0,0
"(20, 29)",1,0,0,1
"(21, 29)",0,0,1,1
"(22, 29)",0,1,1,0
"(23, 29)",1,1,0,1
"(24, 29)",0,1,1,0
"(25, 29)",1,0,0,1
"(26, 29)",1,1,1,0
"(27, 29)",0,1,0,1
"(28, 29)",1,0,1,0
"(29, 29)",0,0,0,1
"(30, 29)",0,1,1,0
"(31, 29)",1,0,0,1
"(32, 29)",1,0,1,0
"(33, 29)",1,0,0,1
"(34, 29)",0,1,1,0
"(35, 29)",1,1,0,0
"(36, 29)",1,0,0,1
"(37, 29)",0,1,1,0
"(38, 29)",0,1,0,1
"(39, 29)",0,0,1,1
"(40, 29)",0,0,1,1
"(41, 29)",0,0,1,1
"(42, 29)",0,0,1,1
"(43, 29)",0,0,1,1
"(44, 29)",1,0,1,0
"(45, 29)",1,1,0,0
"(46, 29)",1,0,0,0
"(47, 29)",0,1,0,1
"(48, 29)",1,0,1,0
"(49, 29)",0,1,0,0
"(50, 29)",1,1,0,0
"(1, 30)",1,1,0,1
"(2, 30)",0,0,1,1
"(3, 30)",0,0,1,1
"(4, 30)",1,0,1,0
"(5, 30)",1,0,0,1
"(6, 30)",1,0,1,0
"(7, 30)",0,1,0,1
"(8, 30)",0,1,1,0
"(9, 30)",1,0,0,1
"(10, 30)",1,0,1,1
"(11, 30)",0,0,1,1
"(12, 30)",0,0,1,1
"(13, 30)",0,0,1,0
"(14, 30)",0,1,0,1
"(15, 30)",0,1,1,0
"(16, 30)",0,1,0,1
"(17, 30)",1,0,1,0
"(18, 30)",1,1,0,0
"(19, 30)",1,1,0,0
"(20, 30)",0,1,0,1
"(21, 30)",0,0,1,1
"(22, 30)",1,0,1,0
"(23, 30)",1,1,0,1
"(24, 30)",0,0,1,1
"(25, 30)",0,1,1,0
"(26, 30)",1,1,0,0
"(27, 30)",1,0,0,0
"(28, 30)",1,1,0,1
"(29, 30)",1,0,1,0
"(30, 30)",1,0,0,1
"(31, 30)",0,1,1,0
"(32, 30)",1,1,0,0
"(33, 30)",0,1,0,1
"(34, 30)",0,0,1,1
"(35, 30)",1,1,1,0
"(36, 30)",1,1,0,0
"(37, 30)",1,0,0,1
"(38, 30)",0,0,1,1
"(39, 30)",1,0,1,1
"(40, 30)",0,0,1,1
"(41, 30)",0,0,1,1
"(42, 30)",0,0,1,1
"(43, 30)",0,0,1,0
"(44, 30)",1,1,0,0
"(45, 30)",0,1,0,1
"(46, 30)",1,1,1,0
"(47, 30)",1,0,0,0
"(48, 30)",0,1,0,1
"(49, 30)",0,0,1,1
"(50, 30)",0,1,1,0
"(1, 31)",0,1,0,1
"(2, 31)",0,0,1,0
"(3, 31)",1,0,0,1
"(4, 31)",1,1,1,0
"(5, 31)",1,1,0,0
"(6, 31)",0,1,0,1
"(7, 31)",1,0,1,1
"(8, 31)",1,0,1,0
"(9, 31)",0,1,0,0
"(10, 31)",1,1,0,0
"(11, 31)",1,0,0,1
"(12, 31)",0,0,1,1
"(13, 31)",0,0,1,1
"(14, 31)",0,0,1,1
"(15, 31)",1,0,1,1
"(16, 31)",0,0,1,0
"(17, 31)",1,1,0,0
"(18, 31)",1,1,0,0
"(19, 31)",0,1,0,1
"(20, 31)",0,0,1,1
"(21, 31)",1,0,1,0
"(22, 31)",1,1,0,0
"(23, 31)",1,1,0,0
"(24, 31)",1,0,0,1
"(25, 31)",1,0,1,0
"(26, 31)",0,1,0,1
"(27, 31)",1,1,1,0
"(28, 31)",0,1,0,0
"(29, 31)",1,1,0,0
"(30, 31)",1,1,0,0
"(31, 31)",1,0,0,0
"(32, 31)",1,1,0,0
"(33, 31)",1,0,0,0
"(34, 31)",1,0,0,1
"(35, 31)",0,1,1,0
"(36, 31)",0,1,0,1
"(37, 31)",0,1,1,0
"(38, 31)",1,0,0,1
"(39, 31)",0,1,1,0
"(40, 31)",1,0,0,1
"(41, 31)",1,0,1,0
"(42, 31)",1,0,0,1
"(43, 31)",0,0,1,1
"(44, 31)",0,1,1,0
"(45, 31)",1,0,0,0
"(46, 31)",0,1,0,1
"(47, 31)",1,1,1,0
"(48, 31)",1,0,0,0
"(49, 31)",1,0,0,1
"(50, 31)",1,0,1,0
"(1, 32)",1,0,0,1
"(2, 32)",0,0,1,1
"(3, 32)",0,1,1,0
"(4, 32)",0,1,0,0
"(5, 32)",1,1,0,0
"(6, 32)",1,0,0,1
"(7, 32)",0,1,1,0
"(8, 32)",0,1,0,1
"(9, 32)",1,0,1,1
"(10, 32)",0,1,1,0
"(11, 32)",0,1,0,1
"(12, 32)",1,0,1,0
"(13, 32)",1,0,0,1
"(14, 32)",0,0,1,0
"(15, 32)",0,1,0,1
"(16, 32)",0,0,1,1
"(17, 32)",0,1,1,0
"(18, 32)",1,1,0,1
"(19, 32)",0,0,1,1
"(20, 32)",0,0,1,1
"(21, 32)",0,1,1,1
"(22, 32)",0,1,1,0
"(23, 32)",0,1,0,0
"(24, 32)",1,1,0,0
"(25, 32)",1,1,0,0
"(26, 32)",0,0,0,1
"(27, 32)",0,1,1,0
"(28, 32)",1,0,0,1
"(29, 32)",1,1,1,0
"(30, 32)",0,1,0,1
"(31, 32)",1,1,1,0
"(32, 32)",1,1,0,0
"(33, 32)",0,1,0,1
"(34, 32)",0,1,1,1
"(35, 32)",0,0,1,0
"(36, 32)",1,0,0,1
"(37, 32)",0,0,1,1
"(38, 32)",0,1,1,1
"(39, 32)",1,0,1,0
"(40, 32)",1,1,0,0
"(41, 32)",0,1,0,1
"(42, 32)",0,1,1,0
"(43, 32)",1,0,0,1
"(44, 32)",0,0,1,1
"(45, 32)",0,1,1,1
"(46, 32)",0,0,1,1
"(47, 32)",0,1,1,0
"(48, 32)",1,1,0,0
"(49, 32)",1,1,0,0
"(50, 32)",1,1,0,0
"(1, 33)",1,1,0,1
"(2, 33)",1,0,1,0
"(3, 33)",1,0,0,1
"(4, 33)",0,0,1,1
"(5, 33)",0,1,1,0
"(6, 33)",1,1,0,0
"(7, 33)",0,0,0,1
"(8, 33)",0,0,1,1
"(9, 33)",0,1,1,0
"(10, 33)",1,0,0,1
"(11, 33)",1,0,1,0
"(12, 33)",1,1,0,0
"(13, 33)",1,1,0,0
"(14, 33)",1,0,0,1
"(15, 33)",0,0,1,1
"(16, 33)",0,0,1,1
"(17, 33)",0,0,1,1
"(18, 33)",0,1,1,1
"(19, 33)",0,0,1,0
"(20, 33)",1,0,0,1
"(21, 33)",1,0,1,0
"(22, 33)",1,0,0,1
"(23, 33)",0,0,1,1
"(24, 33)",0,1,1,0
"(25, 33)",1,1,0,0
"(26, 33)",1,0,0,1
"(27, 33)",0,0,1,1
"(28, 33)",0,1,1,0
"(29, 33)",0,1,0,0
"(30, 33)",1,0,0,1
"(31, 33)",0,1,1,0
"(32, 33)",1,1,0,0
"(33, 33)",1,0,0,1
"(34, 33)",1,0,1,0
"(35, 33)",1,0,0,1
"(36, 33)",0,1,1,0
"(37, 33)",1,0,0,1
"(38, 33)",1,0,1,0
"(39, 33)",1,1,0,0
"(40, 33)",1,1,0,0
"(41, 33)",1,0,0,1
"(42, 33)",0,0,1,0
"(43, 33)",1,1,0,0
"(44, 33)",0,0,0,1
"(45, 33)",1,0,1,1
"(46, 33)",1,0,1,0
"(47, 33)",0,0,0,1
"(48, 33)",0,1,1,1
"(49, 33)",0,1,1,0
"(50, 33)",1,1,0,0
"(1, 34)",1,1,0,0
"(2, 34)",1,1,0,0
"(3, 34)",1,1,0,0
"(4, 34)",1,0,0,1
"(5, 34)",0,0,1,0
"(6, 34)",1,1,0,0
"(7, 34)",1,0,0,1
"(8, 34)",0,0,1,1
"(9, 34)",1,0,1,0
"(10, 34)",1,1,0,0
"(11, 34)",1,1,0,0
"(12, 34)",1,1,0,0
"(13, 34)",0,1,0,1
"(14, 34)",1,1,1,0
"(15, 34)",1,0,0,1
"(16, 34)",0,0,1,1
"(17, 34)",0,0,1,0
"(18, 34)",1,0,0,1
"(19, 34)",0,0,1,1
"(20, 34)",0,1,1,0
"(21, 34)",0,1,0,1
"(22, 34)",0,1,1,0
"(23, 34)",1,0,0,1
"(24, 34)",0,0,1,1
"(25, 34)",0,1,1,0
"(26, 34)",1,1,0,1
"(27, 34)",1,0,1,0
"(28, 34)",1,0,0,1
"(29, 34)",1,0,1,0
"(30, 34)",0,1,0,1
"(31, 34)",1,0,1,0
"(32, 34)",0,1,0,1
"(33, 34)",0,1,1,0
"(34, 34)",0,1,0,1
"(35, 34)",0,1,1,0
"(36, 34)",1,0,0,0
"(37, 34)",1,1,0,0
"(38, 34)",1,1,0,0
"(39, 34)",0,1,0,0
"(40, 34)",1,1,0,0
"(41, 34)",0,1,0,1
"(42, 34)",1,0,1,0
"(43, 34)",0,1,0,1
"(44, 34)",1,0,1,0
"(45, 34)",1,1,0,0
"(46, 34)",0,1,0,1
"(47, 34)",0,0,1,1
"(48, 34)",1,0,1,1
"(49, 34)",0,0,1,1
"(50, 34)",0,1,1,0
"(1, 35)",0,1,0,0
"(2, 35)",0,1,0,1
"(3, 35)",0,1,1,1
"(4, 35)",1,1,1,0
"(5, 35)",1,0,0,1
"(6, 35)",0,1,1,0
"(7, 35)",0,1,0,1
"(8, 35)",1,0,1,0
"(9, 35)",0,1,0,1
"(10, 35)",0,1,1,0
"(11, 35)",1,1,0,0
"(12, 35)",0,1,0,1
"(13, 35)",1,0,1,0
"(14, 35)",1,1,0,0
"(15, 35)",1,1,0,0
"(16, 35)",1,0,0,1
"(17, 35)",0,0,1,1
"(18, 35)",0,1,1,0
"(19, 35)",1,0,0,0
"(20, 35)",1,0,0,1
"(21, 35)",0,0,1,1
"(22, 35)",0,0,1,1
"(23, 35)",0,1,1,0
"(24, 35)",1,0,0,0
"(25, 35)",1,0,0,1
"(26, 35)",0,1,1,0
"(27, 35)",0,1,0,1
"(28, 35)",0,1,1,0
"(29, 35)",1,1,0,1
"(30, 35)",1,0,1,0
"(31, 35)",0,1,0,1
"(32, 35)",0,0,1,1
"(33, 35)",0,0,1,1
"(34, 35)",0,0,1,1
"(35, 35)",0,0,1,1
"(36, 35)",1,1,1,0
"(37, 35)",1,1,0,0
"(38, 35)",0,1,0,1
"(39, 35)",1,0,1,0
"(40, 35)",0,1,0,1
"(41, 35)",1,0,1,0
"(42, 35)",1,1,0,1
"(43, 35)",0,0,1,1
"(44, 35)",0,1,1,1
"(45, 35)",0,1,1,0
"(46, 35)",1,0,0,1
"(47, 35)",1,0,1,0
"(48, 35)",1,1,0,0
"(49, 35)",1,0,0,1
"(50, 35)",1,0,1,0
"(1, 36)",1,0,0,1
"(2, 36)",0,0,1,1
"(3, 36)",1,0,1,0
"(4, 36)",0,1,0,0
"(5, 36)",1,1,0,0
"(6, 36)",1,0,0,1
"(7, 36)",0,0,1,1
"(8, 36)",0,1,1,0
"(9, 36)",1,0,0,1
"(10, 36)",1,0,1,0
"(11, 36)",0,1,0,1
"(12, 36)",0,0,1,1
"(13, 36)",0,1,1,0
"(14, 36)",0,1,0,1
"(15, 36)",1,1,1,0
"(16, 36)",1,1,0,0
"(17, 36)",0,0,0,1
"(18, 36)",0,0,1,1
"(19, 36)",1,1,1,0
"(20, 36)",0,1,0,1
"(21, 36)",0,0,1,1
"(22, 36)",1,0,1,0
"(23, 36)",1,0,0,1
"(24, 36)",1,1,1,0
"(25, 36)",1,1,0,1
"(26, 36)",0,0,1,1
"(27, 36)",0,0,1,1
"(28, 36)",0,0,1,0
"(29, 36)",1,1,0,0
"(30, 36)",1,1,0,0
"(31, 36)",0,0,0,1
"(32, 36)",1,0,1,0
"(33, 36)",1,0,0,1
"(34, 36)",0,0,1,1
"(35, 36)",1,0,1,0
"(36, 36)",1,1,0,0
"(37, 36)",0,1,0,1
"(38, 36)",1,0,1,0
"(39, 36)",0,1,0,1
"(40, 36)",0,0,1,1
"(41, 36)",0,1,1,0
"(42, 36)",0,1,0,1
"(43, 36)",0,0,1,1
"(44, 36)",0,0,1,0
"(45, 36)",1,0,0,1
"(46, 36)",0,1,1,0
"(47, 36)",1,1,0,0
"(48, 36)",0,1,0,0
"(49, 36)",1,1,0,0
"(50, 36)",1,1,0,0
"(1, 37)",1,1,0,0
"(2, 37)",0,0,0,1
"(3, 37)",0,1,1,1
"(4, 37)",0,0,1,1
"(5, 37)",1,1,1,0
"(6, 37)",0,1,0,1
"(7, 37)",0,0,1,1
"(8, 37)",1,0,1,0
"(9, 37)",0,1,0,0
"(10, 37)",1,1,0,1
"(11, 37)",0,0,1,1
"(12, 37)",1,0,1,0
"(13, 37)",1,0,0,1
"(14, 37)",0,0,1,1
"(15, 37)",0,1,1,0
"(16, 37)",0,1,0,1
"(17, 37)",0,0,1,1
"(18, 37)",1,0,1,0
"(19, 37)",0,1,0,1
"(20, 37)",1,0,1,1
"(21, 37)",1,0,1,0
"(22, 37)",1,1,0,0
"(23, 37)",1,1,0,0
"(24, 37)",0,1,0,0
"(25, 37)",1,1,0,0
"(26, 37)",1,0,0,1
"(27, 37)",0,0,1,1
"(28, 37)",1,0,1,0
"(29, 37)",1,1,0,0
"(30, 37)",0,1,0,1
"(31, 37)",0,0,1,1
"(32, 37)",0,1,1,0
"(33, 37)",1,1,0,0
"(34, 37)",1,0,0,0
"(35, 37)",1,1,0,0
"(36, 37)",0,1,0,1
"(37, 37)",1,0,1,0
"(38, 37)",0,1,0,1
"(39, 37)",0,0,1,1
"(40, 37)",1,0,1,0
"(41, 37)",1,0,0,1
"(42, 37)",0,0,1,1
"(43, 37)",0,0,1,1
"(44, 37)",0,0,1,1
"(45, 37)",0,1,1,1
"(46, 37)",0,0,1,0
"(47, 37)",0,1,0,1
"(48, 37)",0,0,1,1
"(49, 37)",0,1,1,0
"(50, 37)",1,1,0,0
"(1, 38)",0,1,0,1
"(2, 38)",1,0,1,0
"(3, 38)",0,0,0,1
"(4, 38)",0,0,1,1
"(5, 38)",0,1,1,0
"(6, 38)",1,0,0,1
"(7, 38)",1,0,1,0
"(8, 38)",0,1,0,1
"(9, 38)",0,0,1,1
"(10, 38)",0,1,1,0
"(11, 38)",1,0,0,0
"(12, 38)",1,1,0,0
"(13, 38)",0,1,0,0
"(14, 38)",1,0,0,1
"(15, 38)",0,0,1,1
"(16, 38)",0,0,1,1
"(17, 38)",1,0,1,0
"(18, 38)",0,1,0,1
"(19, 38)",1,0,1,0
"(20, 38)",1,1,0,0
"(21, 38)",0,1,0,0
"(22, 38)",1,1,0,0
"(23, 38)",1,1,0,0
"(24, 38)",1,0,0,1
"(25, 38)",0,1,1,0
"(26, 38)",1,1,0,0
"(27, 38)",1,0,0,1
"(28, 38)",0,1,1,1
"(29, 38)",0,1,1,0
"(30, 38)",1,0,0,1
"(31, 38)",0,0,1,1
"(32, 38)",0,0,1,1
"(33, 38)",0,1,1,0
"(34, 38)",1,1,0,0
"(35, 38)",0,1,0,1
"(36, 38)",0,0,1,1
"(37, 38)",0,1,1,0
"(38, 38)",1,0,0,1
"(39, 38)",0,0,1,1
"(40, 38)",1,1,1,0
"(41, 38)",1,1,0,0
"(42, 38)",1,0,0,0
"(43, 38)",1,0,0,1
"(44, 38)",0,0,1,1
"(45, 38)",1,0,1,0
"(46, 38)",1,0,0,1
"(47, 38)",0,0,1,1
"(48, 38)",0,0,1,1
"(49, 38)",1,0,1,0
"(50, 38)",1,1,0,0
"(1, 39)",1,0,0,1
"(2, 39)",0,1,1,0
"(3, 39)",1,0,0,1
"(4, 39)",0,0,1,1
"(5, 39)",0,0,1,1
"(6, 39)",0,1,1,0
"(7, 39)",0,1,0,1
"(8, 39)",1,0,1,1
"(9, 39)",0,0,1,1
"(10, 39)",0,0,1,1
"(11, 39)",1,1,1,0
"(12, 39)",1,1,0,0
"(13, 39)",1,0,0,1
"(14, 39)",0,1,1,0
"(15, 39)",1,0,0,1
"(16, 39)",0,0,1,0
"(17, 39)",0,1,0,1
"(18, 39)",0,0,1,1
"(19, 39)",0,1,1,0
"(20, 39)",1,1,0,1
"(21, 39)",0,0,1,1
"(22, 39)",0,1,1,0
"(23, 39)",0,1,0,1
"(24, 39)",0,1,1,0
"(25, 39)",1,0,0,1
"(26, 39)",0,1,1,0
"(27, 39)",0,1,0,0
"(28, 39)",1,0,0,1
"(29, 39)",0,0,1,1
"(30, 39)",0,1,1,0
"(31, 39)",0,0,0,1
"(32, 39)",1,0,1,1
"(33, 39)",0,0,1,1
"(34, 39)",0,1,1,1
"(35, 39)",0,0,1,1
"(36, 39)",0,0,1,1
"(37, 39)",0,0,1,0
"(38, 39)",1,1,0,0
"(39, 39)",0,0,0,1
"(40, 39)",0,1,1,0
"(41, 39)",0,1,0,1
"(42, 39)",1,1,1,0
"(43, 39)",0,1,0,1
"(44, 39)",1,0,1,0
"(45, 39)",1,1,0,0
"(46, 39)",1,1,0,0
"(47, 39)",0,0,0,1
"(48, 39)",0,0,1,1
"(49, 39)",0,1,1,1
"(50, 39)",0,1,1,0
"(1, 40)",1,1,0,1
"(2, 40)",0,0,1,1
"(3, 40)",0,1,1,0
"(4, 40)",0,0,0,1
"(5, 40)",0,0,1,1
"(6, 40)",1,0,1,0
"(7, 40)",1,0,0,1
"(8, 40)",0,1,1,0
"(9, 40)",1,0,0,1
"(10, 40)",0,0,1,1
"(11, 40)",0,1,1,0
"(12, 40)",0,1,0,1
"(13, 40)",0,1,1,0
"(14, 40)",1,0,0,1
"(15, 40)",0,1,1,0
"(16, 40)",1,0,0,1
"(17, 40)",0,0,1,1
"(18, 40)",0,0,1,1
"(19, 40)",0,0,1,1
"(20, 40)",0,1,1,0
"(21, 40)",1,0,0,1
"(22, 40)",0,0,1,1
"(23, 40)",0,0,1,1
"(24, 40)",1,0,1,0
"(25, 40)",1,1,0,1
"(26, 40)",0,0,1,1
"(27, 40)",0,0,1,1
"(28, 40)",0,1,1,0
"(29, 40)",1,0,0,1
"(30, 40)",1,0,1,1
"(31, 40)",0,0,1,1
"(32, 40)",0,1,1,0
"(33, 40)",1,0,0,1
"(34, 40)",0,0,1,1
"(35, 40)",0,0,1,1
"(36, 40)",0,0,1,1
"(37, 40)",1,0,1,0
"(38, 40)",0,1,0,1
"(39, 40)",1,0,1,0
"(40, 40)",1,0,0,1
"(41, 40)",1,0,1,0
"(42, 40)",1,1,0,0
"(43, 40)",1,0,0,0
"(44, 40)",1,1,0,0
"(45, 40)",0,1,0,1
"(46, 40)",0,1,1,0
"(47, 40)",1,0,0,1
"(48, 40)",0,0,1,1
"(49, 40)",0,0,1,1
"(50, 40)",1,0,1,0
"(1, 41)",0,1,0,1
"(2, 41)",0,0,1,1
"(3, 41)",1,0,1,0
"(4, 41)",1,0,0,1
"(5, 41)",1,0,1,0
"(6, 41)",1,1,0,0
"(7, 41)",1,1,0,0
"(8, 41)",0,0,0,1
"(9, 41)",0,1,1,1
"(10, 41)",1,0,1,0
"(11, 41)",1,0,0,1
"(12, 41)",0,0,1,1
"(13, 41)",0,0,1,0
"(14, 41)",1,1,0,1
"(15, 41)",0,0,1,1
"(16, 41)",0,1,1,0
"(17, 41)",1,0,0,0
"(18, 41)",1,0,0,1
"(19, 41)",0,0,1,1
"(20, 41)",1,0,1,1
"(21, 41)",0,1,1,0
"(22, 41)",1,0,0,0
"(23, 41)",1,0,0,1
"(24, 41)",0,1,1,0
"(25, 41)",0,1,0,1
"(26, 41)",1,0,1,1
"(27, 41)",0,0,1,1
"(28, 41)",0,0,1,1
"(29, 41)",0,1,1,0
"(30, 41)",0,1,0,0
"(31, 41)",1,0,0,1
"(32, 41)",0,0,1,1
"(33, 41)",0,1,1,0
"(34, 41)",1,0,0,0
"(35, 41)",1,0,0,1
"(36, 41)",1,0,1,0
"(37, 41)",0,1,0,1
"(38, 41)",1,0,1,0
"(39, 41)",1,1,0,1
"(40, 41)",0,1,1,0
"(41, 41)",1,1,0,0
"(42, 41)",1,1,0,0
"(43, 41)",1,1,0,0
"(44, 41)",0,1,0,1
"(45, 41)",0,0,1,1
"(46, 41)",0,0,1,1
"(47, 41)",0,1,1,0
"(48, 41)",1,0,0,0
"(49, 41)",1,0,0,1
"(50, 41)",1,1,1,0
"(1, 42)",1,0,0,1
"(2, 42)",0,0,1,1
"(3, 42)",0,1,1,0
"(4, 42)",1,1,0,0
"(5, 42)",0,1,0,1
"(6, 42)",1,1,1,0
"(7, 42)",1,1,0,0
"(8, 42)",1,0,0,1
"(9, 42)",1,0,1,0
"(10, 42)",0,1,0,1
"(11, 42)",1,1,1,0
"(12, 42)",1,0,0,1
"(13, 42)",0,0,1,1
"(14, 42)",0,1,1,0
"(15, 42)",1,0,0,1
"(16, 42)",0,0,1,1
"(17, 42)",0,1,1,0
"(18, 42)",1,1,0,0
"(19, 42)",1,0,0,1
"(20, 42)",0,1,1,0
"(21, 42)",1,0,0,1
"(22, 42)",0,1,1,1
"(23, 42)",0,1,1,0
"(24, 42)",0,0,0,1
"(25, 42)",0,0,1,1
"(26, 42)",0,1,1,0
"(27, 42)",1,0,0,1
"(28, 42)",1,0,1,0
"(29, 42)",1,0,0,1
"(30, 42)",0,0,1,1
"(31, 42)",0,1,1,0
"(32, 42)",1,0,0,1
"(33, 42)",0,0,1,1
"(34, 42)",0,1,1,1
"(35, 42)",0,1,1,0
"(36, 42)",1,1,0,1
"(37, 42)",1,0,1,0
"(38, 42)",1,1,0,0
"(39, 42)",0,1,0,1
"(40, 42)",0,0,1,0
"(41, 42)",1,1,0,1
"(42, 42)",0,1,1,0
"(43, 42)",1,1,0,1
"(44, 42)",0,0,1,1
"(45, 42)",0,0,1,1
"(46, 42)",1,0,1,0
"(47, 42)",0,0,0,1
"(48, 42)",1,1,1,0
"(49, 42)",1,1,0,0
"(50, 42)",1,1,0,0
"(1, 43)",1,1,0,0
"(2, 43)",1,0,0,1
"(3, 43)",0,0,1,1
"(4, 43)",0,1,1,1
"(5, 43)",1,0,1,0
"(6, 43)",1,1,0,0
"(7, 43)",0,1,0,1
"(8, 43)",0,1,1,0
"(9, 43)",0,1,0,1
"(10, 43)",1,0,1,0
"(11, 43)",0,1,0,0
"(12, 43)",1,1,0,0
"(13, 43)",1,0,0,1
"(14, 43)",0,0,1,1
"(15, 43)",0,1,1,1
"(16, 43)",0,0,1,1
"(17, 43)",1,0,1,0
"(18, 43)",1,1,0,0
"(19, 43)",1,1,0,0
"(20, 43)",0,0,0,1
"(21, 43)",0,1,1,1
"(22, 43)",0,0,1,1
"(23, 43)",0,0,1,1
"(24, 43)",1,0,1,0
"(25, 43)",1,0,0,1
"(26, 43)",1,0,1,0
"(27, 43)",1,1,0,0
"(28, 43)",1,1,0,0
"(29, 43)",1,1,0,0
"(30, 43)",0,0,0,1
"(31, 43)",1,0,1,0
"(32, 43)",1,1,0,0
"(33, 43)",0,0,0,1
"(34, 43)",1,0,1,1
"(35, 43)",1,0,1,0
"(36, 43)",1,1,0,0
"(37, 43)",0,1,0,0
"(38, 43)",0,1,0,1
"(39, 43)",0,0,1,1
"(40, 43)",1,0,1,0
"(41, 43)",0,1,0,1
"(42, 43)",0,0,1,1
"(43, 43)",0,1,1,0
"(44, 43)",0,0,0,1
"(45, 43)",1,0,1,1
"(46, 43)",0,1,1,1
"(47, 43)",0,0,1,1
"(48, 43)",1,1,1,0
"(49, 43)",1,1,0,0
"(50, 43)",0,1,0,0
"(1, 44)",1,1,0,0
"(2, 44)",0,1,0,1
"(3, 44)",0,0,1,0
"(4, 44)",1,0,0,1
"(5, 44)",0,1,1,0
"(6, 44)",1,1,0,0
"(7, 44)",1,0,0,1
"(8, 44)",1,0,1,1
"(9, 44)",0,0,1,0
"(10, 44)",1,1,0,0
"(11, 44)",1,0,0,1
"(12, 44)",0,1,1,0
"(13, 44)",0,1,0,1
"(14, 44)",0,0,1,1
"(15, 44)",1,0,1,0
"(16, 44)",1,0,0,0
"(17, 44)",0,1,0,1
"(18, 44)",0,1,1,0
"(19, 44)",0,1,0,1
"(20, 44)",1,0,1,0
"(21, 44)",0,0,0,1
"(22, 44)",1,0,1,1
"(23, 44)",1,0,1,0
"(24, 44)",1,1,0,1
"(25, 44)",0,1,1,0
"(26, 44)",0,1,0,1
"(27, 44)",0,1,1,0
"(28, 44)",0,1,0,1
"(29, 44)",0,1,1,0
"(30, 44)",1,0,0,1
"(31, 44)",0,1,1,0
"(32, 44)",1,1,0,0
"(33, 44)",1,0,0,1
"(34, 44)",0,1,1,0
"(35, 44)",1,1,0,0
"(36, 44)",0,1,0,1
"(37, 44)",1,0,1,1
"(38, 44)",0,0,1,0
"(39, 44)",1,0,0,1
"(40, 44)",0,1,1,0
"(41, 44)",1,0,0,1
"(42, 44)",0,0,1,1
"(43, 44)",0,0,1,1
"(44, 44)",1,0,1,0
"(45, 44)",0,1,0,0
"(46, 44)",1,0,0,1
"(47, 44)",1,0,1,0
"(48, 44)",0,1,0,0
"(49, 44)",0,1,0,1
"(50, 44)",1,0,1,0
"(1, 45)",0,1,0,1
"(2, 45)",0,0,1,1
"(3, 45)",1,0,1,0
"(4, 45)",1,1,0,0
"(5, 45)",1,0,0,0
"(6, 45)",1,1,0,0
"(7, 45)",0,1,0,0
"(8, 45)",0,1,0,1
"(9, 45)",1,0,1,0
"(10, 45)",0,1,0,1
"(11, 45)",0,1,1,0
"(12, 45)",0,0,0,1
"(13, 45)",1,0,1,1
"(14, 45)",1,0,1,0
"(15, 45)",1,1,0,0
"(16, 45)",0,1,0,1
"(17, 45)",0,0,1,1
"(18, 45)",1,0,1,1
"(19, 45)",1,0,1,0
"(20, 45)",0,1,0,1
"(21, 45)",1,0,1,0
"(22, 45)",1,1,0,0
"(23, 45)",0,1,0,0
"(24, 45)",1,1,0,0
"(25, 45)",1,0,0,1
"(26, 45)",0,0,1,1
"(27, 45)",1,0,1,0
"(28, 45)",1,0,0,1
"(29, 45)",0,0,1,1
"(30, 45)",1,1,1,0
"(31, 45)",1,0,0,1
"(32, 45)",0,1,1,0
"(33, 45)",1,1,0,1
"(34, 45)",1,0,1,0
"(35, 45)",1,1,0,0
"(36, 45)",1,0,0,0
"(37, 45)",0,1,0,1
"(38, 45)",0,0,1,1
"(39, 45)",0,1,1,0
"(40, 45)",1,0,0,0
"(41, 45)",1,1,0,1
"(42, 45)",1,0,1,0
"(43, 45)",1,0,0,0
"(44, 45)",0,1,0,1
"(45, 45)",0,0,1,1
"(46, 45)",0,1,1,0
"(47, 45)",0,1,0,1
"(48, 45)",0,0,1,1
"(49, 45)",1,0,1,0
"(50, 45)",1,1,0,0
"(1, 46)",1,0,0,1
"(2, 46)",0,0,1,0
"(3, 46)",0,1,0,1
"(4, 46)",0,1,1,0
"(5, 46)",1,1,0,0
"(6, 46)",0,1,0,1
"(7, 46)",0,0,1,1
"(8, 46)",1,0,1,0
"(9, 46)",1,1,0,0
"(10, 46)",1,0,0,1
"(11, 46)",1,0,1,1
"(12, 46)",1,0,1,0
"(13, 46)",1,1,0,0
"(14, 46)",1,1,0,0
"(15, 46)",1,1,0,0
"(16, 46)",1,0,0,1
"(17, 46)",0,0,1,1
"(18, 46)",0,1,1,0
"(19, 46)",1,1,0,0
"(20, 46)",1,0,0,0
"(21, 46)",1,1,0,0
"(22, 46)",0,1,0,1
"(23, 46)",0,0,1,1
"(24, 46)",0,1,1,0
"(25, 46)",1,1,0,1
"(26, 46)",0,0,1,0
"(27, 46)",1,1,0,0
"(28, 46)",0,1,0,1
"(29, 46)",1,0,1,0
"(30, 46)",0,1,0,0
"(31, 46)",0,1,0,1
"(32, 46)",1,0,1,0
"(33, 46)",0,1,0,0
"(34, 46)",1,1,0,0
"(35, 46)",1,1,0,0
"(36, 46)",1,1,0,1
"(37, 46)",1,0,1,0
"(38, 46)",1,0,0,1
"(39, 46)",0,0,1,1
"(40, 46)",1,1,1,0
"(41, 46)",0,1,0,0
"(42, 46)",1,1,0,0
"(43, 46)",0,1,0,1
"(44, 46)",1,0,1,1
"(45, 46)",0,0,1,1
"(46, 46)",0,0,1,1
"(47, 46)",0,0,1,1
"(48, 46)",0,0,1,0
"(49, 46)",1,1,0,0
"(50, 46)",1,1,0,0
"(1, 47)",1,1,0,0
"(2, 47)",1,0,0,1
"(3, 47)",1,0,1,1
"(4, 47)",0,0,1,1
"(5, 47)",0,1,1,0
"(6, 47)",1,0,0,1
"(7, 47)",0,0,1,1
"(8, 47)",0,1,1,0
"(9, 47)",1,1,0,1
"(10, 47)",0,1,1,0
"(11, 47)",1,1,0,0
"(12, 47)",1,1,0,0
"(13, 47)",1,1,0,0
"(14, 47)",1,1,0,0
"(15, 47)",0,1,0,1
"(16, 47)",0,1,1,0
"(17, 47)",1,0,0,1
"(18, 47)",1,0,1,0
"(19, 47)",0,1,0,1
"(20, 47)",0,1,1,0
"(21, 47)",1,1,0,1
"(22, 47)",0,0,1,1
"(23, 47)",0,0,1,1
"(24, 47)",0,0,1,1
"(25, 47)",0,1,1,0
"(26, 47)",1,0,0,1
"(27, 47)",0,1,1,0
"(28, 47)",1,0,0,1
"(29, 47)",0,1,1,0
"(30, 47)",1,0,0,1
"(31, 47)",0,0,1,1
"(32, 47)",0,1,1,0
"(33, 47)",1,0,0,1
"(34, 47)",0,1,1,0
"(35, 47)",0,1,0,1
"(36, 47)",0,1,1,0
"(37, 47)",0,1,0,1
"(38, 47)",0,1,1,0
"(39, 47)",1,0,0,0
"(40, 47)",0,1,0,1
"(41, 47)",0,0,1,1
"(42, 47)",0,1,1,0
"(43, 47)",1,0,0,1
"(44, 47)",0,1,1,0
"(45, 47)",1,0,0,1
"(46, 47)",0,0,1,1
"(47, 47)",1,0,1,0
"(48, 47)",1,0,0,1
"(49, 47)",0,1,1,0
"(50, 47)",1,1,0,0
"(1, 48)",1,1,0,1
"(2, 48)",0,1,1,0
"(3, 48)",0,1,0,1
"(4, 48)",0,0,1,1
"(5, 48)",1,0,1,0
"(6, 48)",1,1,0,0
"(7, 48)",1,0,0,1
"(8, 48)",1,0,1,0
"(9, 48)",0,1,0,1
"(10, 48)",0,0,1,0
"(11, 48)",1,1,0,0
"(12, 48)",0,1,0,1
"(13, 48)",0,1,1,0
"(14, 48)",0,1,0,1
"(15, 48)",0,0,1,1
"(16, 48)",0,0,1,1
"(17, 48)",0,1,1,0
"(18, 48)",0,1,0,1
"(19, 48)",0,0,1,1
"(20, 48)",1,0,1,0
"(21, 48)",0,1,0,1
"(22, 48)",0,0,1,1
"(23, 48)",0,0,1,1
"(24, 48)",0,0,1,1
"(25, 48)",1,0,1,0
"(26, 48)",1,1,0,0
"(27, 48)",1,0,0,1
"(28, 48)",0,1,1,0
"(29, 48)",1,0,0,1
"(30, 48)",0,1,1,0
"(31, 48)",0,0,0,1
"(32, 48)",1,0,1,0
"(33, 48)",1,1,0,1
"(34, 48)",0,0,1,1
"(35, 48)",0,0,1,1
"(36, 48)",0,0,1,1
"(37, 48)",1,0,1,1
"(38, 48)",1,0,1,0
"(39, 48)",1,1,0,1
"(40, 48)",0,0,1,1
"(41, 48)",0,0,1,1
"(42, 48)",1,0,1,1
"(43, 48)",0,1,1,0
"(44, 48)",1,0,0,1
"(45, 48)",0,1,1,0
"(46, 48)",1,0,0,1
"(47, 48)",1,1,1,0
"(48, 48)",0,1,0,1
"(49, 48)",0,0,1,1
"(50, 48)",1,1,1,0
"(1, 49)",1,1,0,0
"(2, 49)",1,0,0,1
"(3, 49)",0,0,1,1
"(4, 49)",1,0,1,0
"(5, 49)",1,1,0,0
"(6, 49)",0,1,0,1
"(7, 49)",0,1,1,0
"(8, 49)",1,1,0,0
"(9, 49)",1,0,0,1
"(10, 49)",0,0,1,1
"(11, 49)",0,1,1,0
"(12, 49)",1,0,0,1
"(13, 49)",0,0,1,0
"(14, 49)",1,0,0,1
"(15, 49)",1,0,1,0
"(16, 49)",1,0,0,1
"(17, 49)",0,0,1,1
"(18, 49)",1,0,1,1
"(19, 49)",0,0,1,0
"(20, 49)",0,1,0,1
"(21, 49)",1,0,1,0
"(22, 49)",1,0,0,1
"(23, 49)",0,0,1,1
"(24, 49)",1,0,1,0
"(25, 49)",0,1,0,0
"(26, 49)",1,1,0,0
"(27, 49)",1,1,0,1
"(28, 49)",0,0,1,1
"(29, 49)",0,1,1,0
"(30, 49)",1,0,0,1
"(31, 49)",1,0,1,0
"(32, 49)",0,1,0,1
"(33, 49)",0,1,1,0
"(34, 49)",1,0,0,1
"(35, 49)",0,0,1,1
"(36, 49)",1,0,1,0
"(37, 49)",0,1,0,0
"(38, 49)",1,1,0,0
"(39, 49)",0,1,0,1
"(40, 49)",0,0,1,1
"(41, 49)",1,0,1,0
"(42, 49)",1,1,0,0
"(43, 49)",1,0,0,1
"(44, 49)",0,1,1,0
"(45, 49)",1,0,0,1
"(46, 49)",0,1,1,0
"(47, 49)",0,1,0,1
"(48, 49)",0,0,1,1
"(49, 49)",0,0,1,0
"(50, 49)",1,1,0,0
"(1, 50)",0,1,0,1
"(2, 50)",0,1,1,0
"(3, 50)",0,0,0,1
"(4, 50)",0,1,1,0
"(5, 50)",0,1,0,1
"(6, 50)",0,0,1,1
"(7, 50)",0,0,1,1
"(8, 50)",0,1,1,1
"(9, 50)",0,1,1,0
"(10, 50)",0,0,0,1
"(11, 50)",0,0,1,1
"(12, 50)",0,1,1,1
"(13, 50)",0,0,1,1
"(14, 50)",0,1,1,0
"(15, 50)",0,1,0,1
"(16, 50)",0,1,1,1
"(17, 50)",0,0,1,0
"(18, 50)",0,1,0,1
"(19, 50)",0,0,1,1
"(20, 50)",0,0,1,1
"(21, 50)",0,1,1,1
"(22, 50)",0,1,1,0
"(23, 50)",0,0,0,1
"(24, 50)",0,1,1,1
"(25, 50)",0,0,1,1
"(26, 50)",0,1,1,0
"(27, 50)",0,1,0,1
"(28, 50)",0,0,1,1
"(29, 50)",0,0,1,1
"(30, 50)",0,1,1,0
"(31, 50)",0,1,0,1
"(32, 50)",0,0,1,1
"(33, 50)",0,0,1,1
"(34, 50)",0,1,1,0
"(35, 50)",0,0,0,1
"(36, 50)",0,1,1,1
"(37, 50)",0,0,1,1
"(38, 50)",0,1,1,0
"(39, 50)",0,0,0,1
"(40, 50)",0,0,1,1
"(41, 50)",0,1,1,0
"(42, 50)",0,1,0,1
"(43, 50)",0,1,1,1
"(44, 50)",0,0,1,0
"(45, 50)",0,1,0,1
"(46, 50)",0,0,1,1
"(47, 50)",0,0,1,1
"(48, 50)",0,0,1,1
"(49, 50)",0,0,1,1
"(50, 50)",0,1,1,0