  cell  ,E,W,N,S
"(1, 1)",0,0,0,1
"(2, 1)",1,0,1,0
"(3, 1)",0,0,0,1
"(4, 1)",1,0,1,1
"(5, 1)",1,0,1,0
"(6, 1)",1,0,0,0
"(7, 1)",1,0,0,1
"(8, 1)",0,0,1,1
"(9, 1)",1,0,1,1
"(10, 1)",0,0,1,1
"(11, 1)",0,0,1,0
"(12, 1)",1,0,0,1
"(13, 1)",0,0,1,1
"(14, 1)",0,0,1,1
"(15, 1)",0,0,1,1
"(16, 1)",1,0,1,1
"(17, 1)",0,0,1,1
"(18, 1)",1,0,1,0
"(19, 1)",0,0,0,1
"(20, 1)",0,0,1,1
"(21, 1)",1,0,1,1
"(22, 1)",0,0,1,0
"(23, 1)",1,0,0,1
"(24, 1)",1,0,1,0
"(25, 1)",1,0,0,1
"(26, 1)",0,0,1,1
"(27, 1)",0,0,1,1
"(28, 1)",1,0,1,0
"(29, 1)",1,0,0,1
"(30, 1)",1,0,1,0
"(31, 1)",1,0,0,1
"(32, 1)",0,0,1,1
"(33, 1)",0,0,1,1
"(34, 1)",0,0,1,1
"(35, 1)",0,0,1,1
"(36, 1)",1,0,1,1
"(37, 1)",1,0,1,0
"(38, 1)",1,0,0,1
"(39, 1)",1,0,1,0
"(40, 1)",1,0,0,0
"(1, 2)",1,0,0,1
"(2, 2)",0,1,1,0
"(3, 2)",1,0,0,1
"(4, 2)",0,1,1,0
"(5, 2)",1,1,0,0
"(6, 2)",0,1,0,1
"(7, 2)",0,1,1,0
"(8, 2)",1,0,0,1
"(9, 2)",0,1,1,0
"(10, 2)",1,0,0,1
"(11, 2)",0,0,1,1
"(12, 2)",0,1,1,0
"(13, 2)",1,0,0,1
"(14, 2)",0,0,1,1
"(15, 2)",1,0,1,0
"(16, 2)",0,1,0,1
"(17, 2)",1,0,1,0
"(18, 2)",1,1,0,0
"(19, 2)",1,0,0,1
"(20, 2)",1,0,1,0
"(21, 2)",0,1,0,1
"(22, 2)",0,0,1,1
"(23, 2)",0,1,1,0
"(24, 2)",1,1,0,0
"(25, 2)",1,1,0,0
"(26, 2)",0,0,0,1
"(27, 2)",1,0,1,0
"(28, 2)",0,1,0,1
"(29, 2)",0,1,1,0
"(30, 2)",1,1,0,0
"(31, 2)",0,1,0,1
"(32, 2)",0,0,1,1
"(33, 2)",0,0,1,1
"(34, 2)",1,0,1,0
"(35, 2)",1,0,0,1
"(36, 2)",0,1,1,0
"(37, 2)",1,1,0,0
"(38, 2)",1,1,0,0
"(39, 2)",0,1,0,1
"(40, 2)",1,1,1,0
"(1, 3)",0,1,0,1
"(2, 3)",1,0,1,0
"(3, 3)",1,1,0,0
"(4, 3)",1,0,0,0
"(5, 3)",0,1,0,1
"(6, 3)",0,0,1,1
"(7, 3)",1,0,1,0
"(8, 3)",0,1,0,1
"(9, 3)",1,0,1,1
"(10, 3)",0,1,1,1
"(11, 3)",0,0,1,1
"(12, 3)",0,0,1,0
"(13, 3)",1,1,0,0
"(14, 3)",0,0,0,1
"(15, 3)",0,1,1,1
"(16, 3)",0,0,1,1
"(17, 3)",0,1,1,0
"(18, 3)",0,1,0,1
"(19, 3)",0,1,1,0
"(20, 3)",0,1,0,1
"(21, 3)",0,0,1,1
"(22, 3)",0,0,1,1
"(23, 3)",0,0,1,1
"(24, 3)",1,1,1,0
"(25, 3)",1,1,0,0
"(26, 3)",1,0,0,1
"(27, 3)",1,1,1,0
"(28, 3)",1,0,0,1
"(29, 3)",1,0,1,0
"(30, 3)",0,1,0,1
"(31, 3)",1,0,1,1
"(32, 3)",0,0,1,1
"(33, 3)",0,0,1,0
"(34, 3)",1,1,0,0
"(35, 3)",0,1,0,1
"(36, 3)",1,0,1,0
"(37, 3)",0,1,0,1
"(38, 3)",0,1,1,0
"(39, 3)",1,0,0,1
"(40, 3)",0,1,1,0
"(1, 4)",1,0,0,0
"(2, 4)",0,1,0,1
"(3, 4)",0,1,1,0
"(4, 4)",0,1,0,1
"(5, 4)",0,0,1,1
"(6, 4)",1,0,1,0
"(7, 4)",0,1,0,1
"(8, 4)",1,0,1,0
"(9, 4)",0,1,0,0
"(10, 4)",1,0,0,1
"(11, 4)",0,0,1,1
"(12, 4)",1,0,1,0
"(13, 4)",1,1,0,0
"(14, 4)",1,0,0,1
"(15, 4)",0,0,1,1
"(16, 4)",0,0,1,1
"(17, 4)",0,0,1,1
"(18, 4)",1,0,1,0
"(19, 4)",1,0,0,1
"(20, 4)",0,0,1,1
"(21, 4)",0,0,1,1
"(22, 4)",1,0,1,1
"(23, 4)",1,0,1,0
"(24, 4)",0,1,0,0
"(25, 4)",1,1,0,0
"(26, 4)",1,1,0,0
"(27, 4)",1,1,0,0
"(28, 4)",1,1,0,0
"(29, 4)",0,1,0,1
"(30, 4)",0,0,1,0
"(31, 4)",0,1,0,1
"(32, 4)",1,0,1,1
"(33, 4)",1,0,1,0
"(34, 4)",1,1,0,0
"(35, 4)",1,0,0,0
"(36, 4)",1,1,0,0
"(37, 4)",1,0,0,1
"(38, 4)",1,0,1,0
"(39, 4)",1,1,0,0
"(40, 4)",1,0,0,0
"(1, 5)",0,1,0,1
"(2, 5)",1,0,1,1
"(3, 5)",1,0,1,0
"(4, 5)",1,0,0,1
"(5, 5)",0,0,1,1
"(6, 5)",1,1,1,0
"(7, 5)",1,0,0,0
"(8, 5)",0,1,0,1
"(9, 5)",0,0,1,1
"(10, 5)",0,1,1,0
"(11, 5)",1,0,0,1
"(12, 5)",0,1,1,0
"(13, 5)",0,1,0,1
"(14, 5)",0,1,1,0
"(15, 5)",1,0,0,1
"(16, 5)",0,0,1,1
"(17, 5)",1,0,1,0
"(18, 5)",0,1,0,1
"(19, 5)",0,1,1,0
"(20, 5)",1,0,0,1
"(21, 5)",1,0,1,0
"(22, 5)",0,1,0,0
"(23, 5)",0,1,0,1
"(24, 5)",0,0,1,1
"(25, 5)",0,1,1,1
"(26, 5)",0,1,1,0
"(27, 5)",0,1,0,1
"(28, 5)",1,1,1,0
"(29, 5)",1,0,0,1
"(30, 5)",0,0,1,1
"(31, 5)",1,0,1,0
"(32, 5)",0,1,0,0
"(33, 5)",1,1,0,0
"(34, 5)",1,1,0,0
"(35, 5)",1,1,0,0
"(36, 5)",1,1,0,0
"(37, 5)",0,1,0,0
"(38, 5)",0,1,0,1
"(39, 5)",0,1,1,1
"(40, 5)",1,1,1,0
"(1, 6)",1,0,0,1
"(2, 6)",0,1,1,0
"(3, 6)",0,1,0,1
"(4, 6)",1,1,1,0
"(5, 6)",0,0,0,1
"(6, 6)",0,1,1,0
"(7, 6)",1,1,0,1
"(8, 6)",0,0,1,1
"(9, 6)",0,0,1,1
"(10, 6)",1,0,1,0
"(11, 6)",1,1,0,0
"(12, 6)",0,0,0,1
"(13, 6)",1,0,1,1
"(14, 6)",0,0,1,1
"(15, 6)",0,1,1,0
"(16, 6)",1,0,0,1
"(17, 6)",0,1,1,1
"(18, 6)",0,0,1,1
"(19, 6)",1,0,1,0
"(20, 6)",1,1,0,0
"(21, 6)",0,1,0,1
"(22, 6)",0,0,1,1
"(23, 6)",1,0,1,0
"(24, 6)",1,0,0,1
"(25, 6)",0,0,1,1
"(26, 6)",1,0,1,0
"(27, 6)",0,0,0,1
"(28, 6)",0,1,1,0
"(29, 6)",1,1,0,1
"(30, 6)",1,0,1,0
"(31, 6)",0,1,0,1
"(32, 6)",1,0,1,0
"(33, 6)",1,1,0,0
"(34, 6)",1,1,0,0
"(35, 6)",1,1,0,0
"(36, 6)",0,1,0,1
"(37, 6)",0,0,1,1
"(38, 6)",1,0,1,0
"(39, 6)",1,0,0,0
"(40, 6)",1,1,0,0
"(1, 7)",1,1,0,0
"(2, 7)",1,0,0,0
"(3, 7)",1,0,0,1
"(4, 7)",0,1,1,0
"(5, 7)",1,0,0,1
"(6, 7)",0,0,1,1
"(7, 7)",0,1,1,0
"(8, 7)",1,0,0,1
"(9, 7)",1,0,1,0
"(10, 7)",0,1,0,1
"(11, 7)",0,1,1,0
"(12, 7)",1,0,0,1
"(13, 7)",0,1,1,0
"(14, 7)",0,0,0,1
"(15, 7)",0,0,1,1
"(16, 7)",1,1,1,0
"(17, 7)",1,0,0,1
"(18, 7)",1,0,1,0
"(19, 7)",0,1,0,1
"(20, 7)",0,1,1,0
"(21, 7)",1,0,0,1
"(22, 7)",0,0,1,0
"(23, 7)",0,1,0,1
"(24, 7)",0,1,1,0
"(25, 7)",1,0,0,1
"(26, 7)",0,1,1,0
"(27, 7)",1,0,0,1
"(28, 7)",1,0,1,0
"(29, 7)",1,1,0,0
"(30, 7)",1,1,0,0
"(31, 7)",1,0,0,1
"(32, 7)",0,1,1,0
"(33, 7)",1,1,0,0
"(34, 7)",1,1,0,0
"(35, 7)",1,1,0,1
"(36, 7)",0,0,1,1
"(37, 7)",0,0,1,0
"(38, 7)",1,1,0,0
"(39, 7)",0,1,0,1
"(40, 7)",1,1,1,0
"(1, 8)",1,1,0,0
"(2, 8)",0,1,0,1
"(3, 8)",0,1,1,1
"(4, 8)",1,0,1,0
"(5, 8)",1,1,0,0
"(6, 8)",1,0,0,1
"(7, 8)",1,0,1,0
"(8, 8)",1,1,0,0
"(9, 8)",0,1,0,1
"(10, 8)",0,0,1,1
"(11, 8)",1,0,1,1
"(12, 8)",0,1,1,1
"(13, 8)",0,0,1,1
"(14, 8)",0,0,1,1
"(15, 8)",1,0,1,0
"(16, 8)",0,1,0,0
"(17, 8)",1,1,0,0
"(18, 8)",1,1,0,0
"(19, 8)",1,0,0,1
"(20, 8)",1,0,1,0
"(21, 8)",1,1,0,1
"(22, 8)",1,0,1,1
"(23, 8)",0,0,1,1
"(24, 8)",1,0,1,0
"(25, 8)",0,1,0,1
"(26, 8)",0,0,1,1
"(27, 8)",0,1,1,0
"(28, 8)",1,1,0,0
"(29, 8)",1,1,0,0
"(30, 8)",1,1,0,0
"(31, 8)",0,1,0,1
"(32, 8)",0,0,1,1
"(33, 8)",0,1,1,0
"(34, 8)",1,1,0,1
"(35, 8)",0,1,1,0
"(36, 8)",1,0,0,1
"(37, 8)",1,0,1,0
"(38, 8)",0,1,0,1
"(39, 8)",1,0,1,0
"(40, 8)",0,1,0,0
"(1, 9)",1,1,0,0
"(2, 9)",1,0,0,1
"(3, 9)",1,0,1,0
"(4, 9)",1,1,0,0
"(5, 9)",1,1,0,0
"(6, 9)",1,1,0,0
"(7, 9)",0,1,0,1
"(8, 9)",0,1,1,0
"(9, 9)",1,0,0,1
"(10, 9)",1,0,1,0
"(11, 9)",0,1,0,0
"(12, 9)",1,0,0,1
"(13, 9)",0,0,1,1
"(14, 9)",0,0,1,1
"(15, 9)",0,1,1,0
"(16, 9)",1,0,0,1
"(17, 9)",0,1,1,0
"(18, 9)",1,1,0,0
"(19, 9)",1,1,0,0
"(20, 9)",0,1,0,1
"(21, 9)",0,1,1,0
"(22, 9)",0,1,0,1
"(23, 9)",1,0,1,0
"(24, 9)",0,1,0,1
"(25, 9)",0,0,1,0
"(26, 9)",1,0,0,1
"(27, 9)",0,0,1,1
"(28, 9)",0,1,1,0
"(29, 9)",1,1,0,0
"(30, 9)",0,1,0,1
"(31, 9)",0,0,1,1
"(32, 9)",0,0,1,1
"(33, 9)",0,0,1,1
"(34, 9)",0,1,1,0
"(35, 9)",1,0,0,1
"(36, 9)",0,1,1,0
"(37, 9)",0,1,0,1
"(38, 9)",1,0,1,0
"(39, 9)",1,1,0,1
"(40, 9)",1,0,1,0
"(1, 10)",1,1,0,0
"(2, 10)",1,1,0,0
"(3, 10)",1,1,0,0
"(4, 10)",0,1,0,0
"(5, 10)",1,1,0,0
"(6, 10)",0,1,0,1
"(7, 10)",0,0,1,1
"(8, 10)",0,0,1,0
"(9, 10)",1,1,0,0
"(10, 10)",0,1,0,1
"(11, 10)",1,0,1,0
"(12, 10)",0,1,0,1
"(13, 10)",0,0,1,1
"(14, 10)",0,0,1,1
"(15, 10)",1,0,1,1
"(16, 10)",0,1,1,0
"(17, 10)",1,0,0,1
"(18, 10)",0,1,1,0
"(19, 10)",0,1,0,1
"(20, 10)",1,0,1,0
"(21, 10)",1,0,0,1
"(22, 10)",0,0,1,1
"(23, 10)",1,1,1,0
"(24, 10)",1,0,0,1
"(25, 10)",0,0,1,1
"(26, 10)",0,1,1,0
"(27, 10)",1,0,0,1
"(28, 10)",0,0,1,0
"(29, 10)",1,1,0,1
"(30, 10)",0,0,1,1
"(31, 10)",0,0,1,0
"(32, 10)",1,0,0,1
"(33, 10)",0,0,1,1
"(34, 10)",0,0,1,1
"(35, 10)",0,1,1,0
"(36, 10)",1,0,0,0
"(37, 10)",1,0,0,1
"(38, 10)",0,1,1,0
"(39, 10)",1,1,0,0
"(40, 10)",1,1,0,0
"(1, 11)",1,1,0,0
"(2, 11)",1,1,0,0
"(3, 11)",0,1,0,1
"(4, 11)",0,0,1,1
"(5, 11)",0,1,1,0
"(6, 11)",1,0,0,1
"(7, 11)",0,0,1,1
"(8, 11)",1,0,1,0
"(9, 11)",1,1,0,1
"(10, 11)",1,0,1,0
"(11, 11)",0,1,0,1
"(12, 11)",0,0,1,1
"(13, 11)",0,0,1,1
"(14, 11)",1,0,1,0
"(15, 11)",1,1,0,1
"(16, 11)",0,0,1,0
"(17, 11)",1,1,0,0
"(18, 11)",1,0,0,1
"(19, 11)",0,0,1,1
"(20, 11)",0,1,1,0
"(21, 11)",0,1,0,1
"(22, 11)",1,0,1,0
"(23, 11)",0,1,0,0
"(24, 11)",1,1,0,0
"(25, 11)",1,0,0,1
"(26, 11)",0,0,1,1
"(27, 11)",1,1,1,0
"(28, 11)",1,0,0,1
"(29, 11)",0,1,1,0
"(30, 11)",1,0,0,1
"(31, 11)",1,0,1,1
"(32, 11)",0,1,1,0
"(33, 11)",0,0,0,1
"(34, 11)",1,0,1,0
"(35, 11)",1,0,0,1
"(36, 11)",1,1,1,0
"(37, 11)",1,1,0,0
"(38, 11)",1,0,0,1
"(39, 11)",0,1,1,0
"(40, 11)",1,1,0,0
"(1, 12)",1,1,0,1
"(2, 12)",0,1,1,0
"(3, 12)",1,0,0,1
"(4, 12)",0,0,1,1
"(5, 12)",0,0,1,1
"(6, 12)",1,1,1,0
"(7, 12)",1,0,0,1
"(8, 12)",0,1,1,0
"(9, 12)",0,1,0,0
"(10, 12)",1,1,0,0
"(11, 12)",1,0,0,1
"(12, 12)",1,0,1,1
"(13, 12)",1,0,1,0
"(14, 12)",1,1,0,0
"(15, 12)",0,1,0,0
"(16, 12)",1,0,0,1
"(17, 12)",0,1,1,0
"(18, 12)",1,1,0,0
"(19, 12)",1,0,0,1
"(20, 12)",1,0,1,0
"(21, 12)",1,0,0,0
"(22, 12)",0,1,0,1
"(23, 12)",0,0,1,1
"(24, 12)",0,1,1,0
"(25, 12)",0,1,0,1
"(26, 12)",1,0,1,0
"(27, 12)",0,1,0,1
"(28, 12)",0,1,1,0
"(29, 12)",1,0,0,0
"(30, 12)",1,1,0,0
"(31, 12)",0,1,0,0
"(32, 12)",1,0,0,1
"(33, 12)",1,0,1,0
"(34, 12)",1,1,0,0
"(35, 12)",1,1,0,0
"(36, 12)",0,1,0,1
"(37, 12)",0,1,1,0
"(38, 12)",1,1,0,0
"(39, 12)",1,0,0,1
"(40, 12)",0,1,1,0
"(1, 13)",0,1,0,1
"(2, 13)",1,0,1,0
"(3, 13)",0,1,0,0
"(4, 13)",1,0,0,1
"(5, 13)",0,0,1,1
"(6, 13)",0,1,1,0
"(7, 13)",1,1,0,0
"(8, 13)",0,0,0,1
"(9, 13)",1,0,1,1
"(10, 13)",0,1,1,0
"(11, 13)",1,1,0,0
"(12, 13)",1,1,0,0
"(13, 13)",1,1,0,0
"(14, 13)",0,1,0,1
"(15, 13)",0,0,1,1
"(16, 13)",0,1,1,0
"(17, 13)",1,0,0,0
"(18, 13)",1,1,0,0
"(19, 13)",1,1,0,0
"(20, 13)",1,1,0,0
"(21, 13)",1,1,0,1
"(22, 13)",0,0,1,1
"(23, 13)",0,0,1,1
"(24, 13)",1,0,1,0
"(25, 13)",1,0,0,0
"(26, 13)",0,1,0,1
"(27, 13)",1,0,1,0
"(28, 13)",1,0,0,1
"(29, 13)",1,1,1,0
"(30, 13)",0,1,0,1
"(31, 13)",1,0,1,0
"(32, 13)",1,1,0,0
"(33, 13)",1,1,0,0
"(34, 13)",1,1,0,1
"(35, 13)",0,1,1,0
"(36, 13)",0,0,0,1
"(37, 13)",0,0,1,1
"(38, 13)",1,1,1,0
"(39, 13)",0,1,0,1
"(40, 13)",1,0,1,0
"(1, 14)",1,0,0,0
"(2, 14)",0,1,0,1
"(3, 14)",1,0,1,0
"(4, 14)",1,1,0,0
"(5, 14)",1,0,0,1
"(6, 14)",0,0,1,0
"(7, 14)",1,1,0,0
"(8, 14)",1,0,0,1
"(9, 14)",0,1,1,0
"(10, 14)",1,0,0,1
"(11, 14)",0,1,1,0
"(12, 14)",1,1,0,0
"(13, 14)",0,1,0,1
"(14, 14)",0,0,1,1
"(15, 14)",0,0,1,1
"(16, 14)",1,0,1,1
"(17, 14)",0,1,1,0
"(18, 14)",0,1,0,1
"(19, 14)",0,1,1,0
"(20, 14)",0,1,0,1
"(21, 14)",0,1,1,0
"(22, 14)",1,0,0,0
"(23, 14)",1,0,0,1
"(24, 14)",0,1,1,0
"(25, 14)",1,1,0,1
"(26, 14)",1,0,1,0
"(27, 14)",1,1,0,0
"(28, 14)",0,1,0,0
"(29, 14)",1,1,0,1
"(30, 14)",1,0,1,0
"(31, 14)",0,1,0,1
"(32, 14)",0,1,1,0
"(33, 14)",1,1,0,0
"(34, 14)",1,1,0,0
"(35, 14)",0,0,0,1
"(36, 14)",1,0,1,1
"(37, 14)",1,0,1,0
"(38, 14)",0,1,0,1
"(39, 14)",0,0,1,0
"(40, 14)",1,1,0,0
"(1, 15)",1,1,0,1
"(2, 15)",1,0,1,0
"(3, 15)",1,1,0,0
"(4, 15)",1,1,0,0
"(5, 15)",1,1,0,0
"(6, 15)",1,0,0,1
"(7, 15)",0,1,1,0
"(8, 15)",1,1,0,0
"(9, 15)",1,0,0,1
"(10, 15)",0,1,1,0
"(11, 15)",1,0,0,0
"(12, 15)",0,1,0,1
"(13, 15)",0,0,1,1
"(14, 15)",1,0,1,0
"(15, 15)",1,0,0,1
"(16, 15)",0,1,1,0
"(17, 15)",1,0,0,1
"(18, 15)",1,0,1,1
"(19, 15)",0,0,1,0
"(20, 15)",1,0,0,1
"(21, 15)",0,0,1,1
"(22, 15)",0,1,1,1
"(23, 15)",0,1,1,0
"(24, 15)",0,0,0,1
"(25, 15)",1,1,1,0
"(26, 15)",0,1,0,0
"(27, 15)",0,1,0,1
"(28, 15)",0,0,1,1
"(29, 15)",0,1,1,0
"(30, 15)",1,1,0,0
"(31, 15)",1,0,0,1
"(32, 15)",1,0,1,0
"(33, 15)",1,1,0,0
"(34, 15)",1,1,0,0
"(35, 15)",1,0,0,1
"(36, 15)",0,1,1,0
"(37, 15)",0,1,0,1
"(38, 15)",0,0,1,1
"(39, 15)",0,0,1,1
"(40, 15)",1,1,1,0
"(1, 16)",1,1,0,0
"(2, 16)",1,1,0,0
"(3, 16)",0,1,0,1
"(4, 16)",0,1,1,0
"(5, 16)",1,1,0,0
"(6, 16)",0,1,0,1
"(7, 16)",0,0,1,1
"(8, 16)",0,1,1,0
"(9, 16)",1,1,0,1
"(10, 16)",0,0,1,0
"(11, 16)",1,1,0,1
"(12, 16)",1,0,1,0
"(13, 16)",1,0,0,0
"(14, 16)",1,1,0,0
"(15, 16)",0,1,0,1
"(16, 16)",0,0,1,0
"(17, 16)",1,1,0,0
"(18, 16)",0,1,0,1
"(19, 16)",1,0,1,0
"(20, 16)",1,1,0,0
"(21, 16)",1,0,0,1
"(22, 16)",0,0,1,1
"(23, 16)",0,0,1,1
"(24, 16)",1,0,1,0
"(25, 16)",1,1,0,0
"(26, 16)",1,0,0,1
"(27, 16)",1,0,1,0
"(28, 16)",1,0,0,1
"(29, 16)",0,0,1,1
"(30, 16)",0,1,1,0
"(31, 16)",1,1,0,0
"(32, 16)",0,1,0,1
"(33, 16)",0,1,1,0
"(34, 16)",0,1,0,1
"(35, 16)",0,1,1,0
"(36, 16)",1,0,0,1
"(37, 16)",1,0,1,1
"(38, 16)",0,0,1,1
"(39, 16)",0,0,1,0
"(40, 16)",1,1,0,0
"(1, 17)",1,1,0,0
"(2, 17)",0,1,0,1
"(3, 17)",1,0,1,1
"(4, 17)",1,0,1,0
"(5, 17)",1,1,0,1
"(6, 17)",1,0,1,0
"(7, 17)",0,0,0,1
"(8, 17)",0,0,1,1
"(9, 17)",0,1,1,1
"(10, 17)",1,0,1,1
"(11, 17)",0,1,1,0
"(12, 17)",0,1,0,1
"(13, 17)",0,1,1,0
"(14, 17)",1,1,0,1
"(15, 17)",0,0,1,1
"(16, 17)",0,0,1,1
"(17, 17)",0,1,1,0
"(18, 17)",1,0,0,1
"(19, 17)",1,1,1,0
"(20, 17)",0,1,0,1
"(21, 17)",0,1,1,0
"(22, 17)",1,0,0,1
"(23, 17)",0,0,1,0
"(24, 17)",1,1,0,0
"(25, 17)",1,1,0,0
"(26, 17)",1,1,0,0
"(27, 17)",1,1,0,0
"(28, 17)",1,1,0,0
"(29, 17)",1,0,0,0
"(30, 17)",1,0,0,1
"(31, 17)",0,1,1,0
"(32, 17)",1,0,0,1
"(33, 17)",0,0,1,1
"(34, 17)",0,0,1,1
"(35, 17)",1,0,1,0
"(36, 17)",1,1,0,0
"(37, 17)",1,1,0,0
"(38, 17)",1,0,0,1
"(39, 17)",0,0,1,1
"(40, 17)",0,1,1,0
"(1, 18)",0,1,0,1
"(2, 18)",1,0,1,0
"(3, 18)",1,1,0,0
"(4, 18)",1,1,0,0
"(5, 18)",1,1,0,0
"(6, 18)",0,1,0,1
"(7, 18)",0,0,1,1
"(8, 18)",0,0,1,1
"(9, 18)",1,0,1,0
"(10, 18)",0,1,0,0
"(11, 18)",1,0,0,1
"(12, 18)",0,0,1,1
"(13, 18)",1,0,1,0
"(14, 18)",0,1,0,1
"(15, 18)",0,0,1,1
"(16, 18)",0,0,1,1
"(17, 18)",1,0,1,0
"(18, 18)",1,1,0,0
"(19, 18)",0,1,0,1
"(20, 18)",1,0,1,0
"(21, 18)",1,0,0,1
"(22, 18)",0,1,1,1
"(23, 18)",0,0,1,1
"(24, 18)",0,1,1,0
"(25, 18)",1,1,0,0
"(26, 18)",1,1,0,0
"(27, 18)",0,1,0,1
"(28, 18)",0,1,1,0
"(29, 18)",1,1,0,0
"(30, 18)",1,1,0,0
"(31, 18)",1,0,0,1
"(32, 18)",0,1,1,1
"(33, 18)",1,0,1,0
"(34, 18)",1,0,0,1
"(35, 18)",0,1,1,1
"(36, 18)",0,1,1,0
"(37, 18)",0,1,0,0
"(38, 18)",1,1,0,0
"(39, 18)",1,0,0,1
"(40, 18)",0,0,1,0
"(1, 19)",1,0,0,1
"(2, 19)",0,1,1,0
"(3, 19)",1,1,0,0
"(4, 19)",1,1,0,0
"(5, 19)",0,1,0,1
"(6, 19)",1,0,1,0
"(7, 19)",1,0,0,1
"(8, 19)",1,0,1,0
"(9, 19)",0,1,0,1
"(10, 19)",1,0,1,0
"(11, 19)",1,1,0,0
"(12, 19)",1,0,0,0
"(13, 19)",1,1,0,0
"(14, 19)",0,0,0,1
"(15, 19)",0,0,1,1
"(16, 19)",1,0,1,1
"(17, 19)",0,1,1,0
"(18, 19)",1,1,0,0
"(19, 19)",0,0,0,1
"(20, 19)",1,1,1,0
"(21, 19)",0,1,0,1
"(22, 19)",0,0,1,1
"(23, 19)",0,0,1,1
"(24, 19)",1,0,1,0
"(25, 19)",1,1,0,1
"(26, 19)",0,1,1,0
"(27, 19)",0,0,0,1
"(28, 19)",0,0,1,1
"(29, 19)",1,1,1,0
"(30, 19)",1,1,0,0
"(31, 19)",0,1,0,0
"(32, 19)",1,0,0,1
"(33, 19)",0,1,1,0
"(34, 19)",1,1,0,0
"(35, 19)",1,0,0,0
"(36, 19)",1,0,0,1
"(37, 19)",1,0,1,0
"(38, 19)",1,1,0,0
"(39, 19)",1,1,0,1
"(40, 19)",1,0,1,0
"(1, 20)",0,1,0,1
"(2, 20)",1,0,1,0
"(3, 20)",1,1,0,0
"(4, 20)",1,1,0,0
"(5, 20)",1,0,0,1
"(6, 20)",0,1,1,0
"(7, 20)",0,1,0,0
"(8, 20)",1,1,0,1
"(9, 20)",0,0,1,0
"(10, 20)",0,1,0,1
"(11, 20)",0,1,1,0
"(12, 20)",1,1,0,0
"(13, 20)",0,1,0,1
"(14, 20)",0,0,1,1
"(15, 20)",1,0,1,0
"(16, 20)",1,1,0,1
"(17, 20)",0,0,1,0
"(18, 20)",0,1,0,1
"(19, 20)",1,0,1,0
"(20, 20)",1,1,0,0
"(21, 20)",1,0,0,1
"(22, 20)",0,0,1,1
"(23, 20)",0,0,1,1
"(24, 20)",0,1,1,0
"(25, 20)",1,1,0,0
"(26, 20)",0,0,0,1
"(27, 20)",1,0,1,1
"(28, 20)",1,0,1,1
"(29, 20)",0,1,1,0
"(30, 20)",0,1,0,1
"(31, 20)",1,0,1,0
"(32, 20)",1,1,0,0
"(33, 20)",1,0,0,0
"(34, 20)",0,1,0,1
"(35, 20)",1,1,1,0
"(36, 20)",1,1,0,0
"(37, 20)",1,1,0,0
"(38, 20)",1,1,0,0
"(39, 20)",0,1,0,0
"(40, 20)",1,1,0,0
"(1, 21)",0,0,0,1
"(2, 21)",0,1,1,0
"(3, 21)",1,1,0,0
"(4, 21)",1,1,0,0
"(5, 21)",0,1,0,1
"(6, 21)",0,0,1,1
"(7, 21)",1,0,1,0
"(8, 21)",1,1,0,1
"(9, 21)",1,0,1,0
"(10, 21)",1,0,0,1
"(11, 21)",0,0,1,1
"(12, 21)",1,1,1,0
"(13, 21)",1,0,0,1
"(14, 21)",0,0,1,1
"(15, 21)",0,1,1,0
"(16, 21)",1,1,0,0
"(17, 21)",1,0,0,1
"(18, 21)",0,0,1,1
"(19, 21)",0,1,1,0
"(20, 21)",0,1,0,0
"(21, 21)",0,1,0,1
"(22, 21)",1,0,1,0
"(23, 21)",0,0,0,1
"(24, 21)",0,0,1,1
"(25, 21)",0,1,1,1
"(26, 21)",1,0,1,0
"(27, 21)",1,1,0,0
"(28, 21)",0,1,0,0
"(29, 21)",1,0,0,1
"(30, 21)",0,0,1,1
"(31, 21)",0,1,1,0
"(32, 21)",1,1,0,0
"(33, 21)",0,1,0,1
"(34, 21)",0,0,1,1
"(35, 21)",0,1,1,0
"(36, 21)",1,1,0,0
"(37, 21)",1,1,0,0
"(38, 21)",1,1,0,0
"(39, 21)",1,0,0,1
"(40, 21)",1,1,1,0
"(1, 22)",1,0,0,1
"(2, 22)",0,0,1,1
"(3, 22)",0,1,1,0
"(4, 22)",0,1,0,1
"(5, 22)",0,0,1,1
"(6, 22)",0,0,1,1
"(7, 22)",0,1,1,0
"(8, 22)",1,1,0,0
"(9, 22)",0,1,0,1
"(10, 22)",0,1,1,0
"(11, 22)",1,0,0,1
"(12, 22)",0,1,1,0
"(13, 22)",1,1,0,0
"(14, 22)",1,0,0,1
"(15, 22)",0,0,1,0
"(16, 22)",1,1,0,0
"(17, 22)",0,1,0,1
"(18, 22)",0,0,1,1
"(19, 22)",0,0,1,1
"(20, 22)",1,0,1,0
"(21, 22)",1,0,0,1
"(22, 22)",0,1,1,0
"(23, 22)",1,0,0,1
"(24, 22)",0,0,1,1
"(25, 22)",1,0,1,0
"(26, 22)",1,1,0,0
"(27, 22)",1,1,0,0
"(28, 22)",1,0,0,1
"(29, 22)",0,1,1,0
"(30, 22)",0,0,0,1
"(31, 22)",0,0,1,1
"(32, 22)",1,1,1,0
"(33, 22)",1,0,0,1
"(34, 22)",1,0,1,0
"(35, 22)",1,0,0,1
"(36, 22)",0,1,1,0
"(37, 22)",1,1,0,0
"(38, 22)",0,1,0,1
"(39, 22)",0,1,1,0
"(40, 22)",1,1,0,0
"(1, 23)",1,1,0,0
"(2, 23)",1,0,0,1
"(3, 23)",0,0,1,1
"(4, 23)",0,0,1,1
"(5, 23)",1,0,1,0
"(6, 23)",1,0,0,1
"(7, 23)",0,0,1,1
"(8, 23)",0,1,1,0
"(9, 23)",0,0,0,1
"(10, 23)",1,0,1,0
"(11, 23)",0,1,0,1
"(12, 23)",1,0,1,0
"(13, 23)",1,1,0,0
"(14, 23)",0,1,0,1
"(15, 23)",0,0,1,1
"(16, 23)",0,1,1,1
"(17, 23)",0,0,1,0
"(18, 23)",1,0,0,1
"(19, 23)",1,0,1,0
"(20, 23)",1,1,0,0
"(21, 23)",0,1,0,1
"(22, 23)",1,0,1,0
"(23, 23)",1,1,0,0
"(24, 23)",1,0,0,1
"(25, 23)",0,1,1,0
"(26, 23)",0,1,0,1
"(27, 23)",0,1,1,0
"(28, 23)",0,1,0,1
"(29, 23)",1,0,1,0
"(30, 23)",1,0,0,1
"(31, 23)",1,0,1,0
"(32, 23)",0,1,0,1
"(33, 23)",1,1,1,0
"(34, 23)",0,1,0,1
"(35, 23)",0,1,1,0
"(36, 23)",1,0,0,1
"(37, 23)",1,1,1,0
"(38, 23)",1,0,0,1
"(39, 23)",0,0,1,0
"(40, 23)",1,1,0,0
"(1, 24)",0,1,0,1
"(2, 24)",0,1,1,0
"(3, 24)",1,0,0,1
"(4, 24)",0,0,1,1
"(5, 24)",0,1,1,0
"(6, 24)",0,1,0,1
"(7, 24)",0,0,1,1
"(8, 24)",0,0,1,1
"(9, 24)",0,0,1,1
"(10, 24)",1,1,1,0
"(11, 24)",1,0,0,0
"(12, 24)",0,1,0,1
"(13, 24)",0,1,1,0
"(14, 24)",1,0,0,1
"(15, 24)",1,0,1,0
"(16, 24)",1,0,0,1
"(17, 24)",0,0,1,1
"(18, 24)",0,1,1,0
"(19, 24)",0,1,0,1
"(20, 24)",1,1,1,0
"(21, 24)",1,0,0,0
"(22, 24)",0,1,0,1
"(23, 24)",0,1,1,0
"(24, 24)",1,1,0,0
"(25, 24)",1,0,0,1
"(26, 24)",1,0,1,1
"(27, 24)",0,0,1,1
"(28, 24)",1,0,1,0
"(29, 24)",1,1,0,0
"(30, 24)",1,1,0,0
"(31, 24)",0,1,0,1
"(32, 24)",1,0,1,0
"(33, 24)",0,1,0,1
"(34, 24)",0,0,1,1
"(35, 24)",0,0,1,0
"(36, 24)",1,1,0,0
"(37, 24)",1,1,0,0
"(38, 24)",1,1,0,0
"(39, 24)",1,0,0,1
"(40, 24)",0,1,1,0
"(1, 25)",1,0,0,1
"(2, 25)",0,0,1,1
"(3, 25)",0,1,1,0
"(4, 25)",0,0,0,1
"(5, 25)",0,0,1,1
"(6, 25)",1,0,1,1
"(7, 25)",1,0,1,0
"(8, 25)",1,0,0,1
"(9, 25)",0,0,1,1
"(10, 25)",0,1,1,0
"(11, 25)",0,1,0,1
"(12, 25)",0,0,1,1
"(13, 25)",0,0,1,1
"(14, 25)",1,1,1,0
"(15, 25)",0,1,0,1
"(16, 25)",0,1,1,0
"(17, 25)",1,0,0,1
"(18, 25)",0,0,1,1
"(19, 25)",0,0,1,1
"(20, 25)",0,1,1,1
"(21, 25)",1,1,1,0
"(22, 25)",1,0,0,1
"(23, 25)",1,0,1,0
"(24, 25)",1,1,0,0
"(25, 25)",0,1,0,0
"(26, 25)",1,1,0,0
"(27, 25)",1,0,0,0
"(28, 25)",1,1,0,0
"(29, 25)",1,1,0,0
"(30, 25)",1,1,0,1
"(31, 25)",1,0,1,0
"(32, 25)",0,1,0,1
"(33, 25)",0,0,1,1
"(34, 25)",0,0,1,1
"(35, 25)",0,0,1,1
"(36, 25)",0,1,1,0
"(37, 25)",1,1,0,0
"(38, 25)",1,1,0,0
"(39, 25)",1,1,0,0
"(40, 25)",1,0,0,0
"(1, 26)",1,1,0,0
"(2, 26)",1,0,0,1
"(3, 26)",1,0,1,0
"(4, 26)",1,0,0,1
"(5, 26)",1,0,1,0
"(6, 26)",0,1,0,0
"(7, 26)",1,1,0,1
"(8, 26)",0,1,1,0
"(9, 26)",1,0,0,1
"(10, 26)",1,0,1,1
"(11, 26)",0,0,1,1
"(12, 26)",0,0,1,1
"(13, 26)",0,0,1,1
"(14, 26)",0,1,1,0
"(15, 26)",1,0,0,1
"(16, 26)",1,0,1,0
"(17, 26)",1,1,0,0
"(18, 26)",1,0,0,1
"(19, 26)",1,0,1,0
"(20, 26)",1,0,0,1
"(21, 26)",0,1,1,0
"(22, 26)",1,1,0,0
"(23, 26)",1,1,0,0
"(24, 26)",0,1,0,1
"(25, 26)",0,0,1,1
"(26, 26)",0,1,1,0
"(27, 26)",1,1,0,0
"(28, 26)",1,1,0,0
"(29, 26)",1,1,0,0
"(30, 26)",0,1,0,0
"(31, 26)",1,1,0,0
"(32, 26)",1,0,0,1
"(33, 26)",0,0,1,1
"(34, 26)",1,0,1,1
"(35, 26)",0,0,1,0
"(36, 26)",1,0,0,1
"(37, 26)",0,1,1,0
"(38, 26)",1,1,0,0
"(39, 26)",1,1,0,0
"(40, 26)",1,1,0,0
"(1, 27)",1,1,0,1
"(2, 27)",0,1,1,0
"(3, 27)",0,1,0,1
"(4, 27)",0,1,1,0
"(5, 27)",0,1,0,1
"(6, 27)",1,0,1,0
"(7, 27)",0,1,0,1
"(8, 27)",0,0,1,1
"(9, 27)",1,1,1,0
"(10, 27)",0,1,0,0
"(11, 27)",1,0,0,1
"(12, 27)",0,0,1,1
"(13, 27)",0,0,1,1
"(14, 27)",1,0,1,0
"(15, 27)",1,1,0,0
"(16, 27)",0,1,0,1
"(17, 27)",0,1,1,0
"(18, 27)",1,1,0,0
"(19, 27)",1,1,0,0
"(20, 27)",1,1,0,1
"(21, 27)",0,0,1,1
"(22, 27)",0,1,1,0
"(23, 27)",0,1,0,1
"(24, 27)",0,0,1,1
"(25, 27)",1,0,1,0
"(26, 27)",1,0,0,1
"(27, 27)",1,1,1,0
"(28, 27)",1,1,0,0
"(29, 27)",0,1,0,1
"(30, 27)",1,0,1,0
"(31, 27)",1,1,0,0
"(32, 27)",0,1,0,1
"(33, 27)",1,0,1,0
"(34, 27)",1,1,0,0
"(35, 27)",1,0,0,1
"(36, 27)",0,1,1,1
"(37, 27)",0,0,1,1
"(38, 27)",0,1,1,0
"(39, 27)",0,1,0,1
"(40, 27)",1,1,1,0
"(1, 28)",1,1,0,0
"(2, 28)",0,0,0,1
"(3, 28)",1,0,1,1
"(4, 28)",0,0,1,1
"(5, 28)",1,0,1,0
"(6, 28)",0,1,0,1
"(7, 28)",1,0,1,0
"(8, 28)",0,0,0,1
"(9, 28)",0,1,1,0
"(10, 28)",1,0,0,1
"(11, 28)",0,1,1,0
"(12, 28)",1,0,0,0
"(13, 28)",1,0,0,1
"(14, 28)",0,1,1,0
"(15, 28)",0,1,0,1
"(16, 28)",1,0,1,1
"(17, 28)",0,0,1,0
"(18, 28)",1,1,0,0
"(19, 28)",1,1,0,0
"(20, 28)",1,1,0,0
"(21, 28)",1,0,0,1
"(22, 28)",0,0,1,1
"(23, 28)",1,0,1,0
"(24, 28)",0,0,0,1
"(25, 28)",0,1,1,1
"(26, 28)",0,1,1,0
"(27, 28)",1,1,0,0
"(28, 28)",0,1,0,1
"(29, 28)",0,0,1,1
"(30, 28)",0,1,1,0
"(31, 28)",1,1,0,0
"(32, 28)",0,0,0,1
"(33, 28)",0,1,1,0
"(34, 28)",1,1,0,0
"(35, 28)",1,1,0,0
"(36, 28)",1,0,0,0
"(37, 28)",1,0,0,1
"(38, 28)",0,0,1,1
"(39, 28)",0,0,1,1
"(40, 28)",0,1,1,0
"(1, 29)",0,1,0,1
"(2, 29)",0,0,1,1
"(3, 29)",0,1,1,0
"(4, 29)",1,0,0,0
"(5, 29)",0,1,0,1
"(6, 29)",1,0,1,0
"(7, 29)",0,1,0,1
"(8, 29)",1,0,1,0
"(9, 29)",1,0,0,1
"(10, 29)",0,1,1,0
"(11, 29)",0,0,0,1
"(12, 29)",1,1,1,0
"(13, 29)",1,1,0,0
"(14, 29)",1,0,0,1
"(15, 29)",1,0,1,0
"(16, 29)",1,1,0,0
"(17, 29)",1,0,0,1
"(18, 29)",0,1,1,0
"(19, 29)",1,1,0,0
"(20, 29)",1,1,0,0
"(21, 29)",0,1,0,1
"(22, 29)",1,0,1,0
"(23, 29)",1,1,0,0
"(24, 29)",1,0,0,1
"(25, 29)",0,0,1,1
"(26, 29)",1,0,1,0
"(27, 29)",0,1,0,1
"(28, 29)",0,0,1,1
"(29, 29)",1,0,1,0
"(30, 29)",0,0,0,1
"(31, 29)",0,1,1,1
"(32, 29)",0,0,1,1
"(33, 29)",1,0,1,0
"(34, 29)",1,1,0,1
"(35, 29)",0,1,1,0
"(36, 29)",1,1,0,0
"(37, 29)",0,1,0,1
"(38, 29)",0,0,1,1
"(39, 29)",0,0,1,1
"(40, 29)",1,0,1,0
"(1, 30)",1,0,0,1
"(2, 30)",0,0,1,1
"(3, 30)",0,0,1,0
"(4, 30)",1,1,0,1
"(5, 30)",0,0,1,1
"(6, 30)",0,1,1,0
"(7, 30)",1,0,0,0
"(8, 30)",0,1,0,1
"(9, 30)",0,1,1,1
"(10, 30)",0,0,1,1
"(11, 30)",0,0,1,1
"(12, 30)",0,1,1,0
"(13, 30)",1,1,0,0
"(14, 30)",1,1,0,0
"(15, 30)",0,1,0,1
"(16, 30)",0,1,1,0
"(17, 30)",1,1,0,0
"(18, 30)",1,0,0,1
"(19, 30)",0,1,1,0
"(20, 30)",0,1,0,1
"(21, 30)",0,0,1,0
"(22, 30)",1,1,0,0
"(23, 30)",0,1,0,1
"(24, 30)",0,1,1,0
"(25, 30)",1,0,0,1
"(26, 30)",0,1,1,0
"(27, 30)",1,0,0,1
"(28, 30)",1,0,1,0
"(29, 30)",0,1,0,1
"(30, 30)",0,0,1,1
"(31, 30)",0,0,1,1
"(32, 30)",1,0,1,1
"(33, 30)",0,1,1,0
"(34, 30)",0,1,0,1
"(35, 30)",0,0,1,1
"(36, 30)",0,1,1,1
"(37, 30)",1,0,1,0
"(38, 30)",1,0,0,1
"(39, 30)",1,0,1,0
"(40, 30)",1,1,0,0
"(1, 31)",1,1,0,0
"(2, 31)",1,0,0,1
"(3, 31)",1,0,1,0
"(4, 31)",0,1,0,1
"(5, 31)",0,0,1,1
"(6, 31)",0,0,1,1
"(7, 31)",0,1,1,1
"(8, 31)",0,0,1,1
"(9, 31)",1,0,1,0
"(10, 31)",1,0,0,1
"(11, 31)",0,0,1,1
"(12, 31)",0,0,1,1
"(13, 31)",0,1,1,0
"(14, 31)",0,1,0,1
"(15, 31)",0,0,1,1
"(16, 31)",1,0,1,0
"(17, 31)",1,1,0,0
"(18, 31)",1,1,0,0
"(19, 31)",1,0,0,1
"(20, 31)",1,0,1,0
"(21, 31)",1,0,0,1
"(22, 31)",0,1,1,0
"(23, 31)",1,0,0,1
"(24, 31)",1,0,1,0
"(25, 31)",1,1,0,0
"(26, 31)",1,0,0,1
"(27, 31)",1,1,1,0
"(28, 31)",0,1,0,0
"(29, 31)",1,0,0,1
"(30, 31)",0,0,1,1
"(31, 31)",0,0,1,1
"(32, 31)",0,1,1,0
"(33, 31)",1,0,0,1
"(34, 31)",0,0,1,1
"(35, 31)",1,0,1,0
"(36, 31)",0,0,0,1
"(37, 31)",0,1,1,0
"(38, 31)",1,1,0,0
"(39, 31)",0,1,0,1
"(40, 31)",0,1,1,0
"(1, 32)",1,1,0,1
"(2, 32)",0,1,1,0
"(3, 32)",0,1,0,1
"(4, 32)",0,0,1,1
"(5, 32)",1,0,1,1
"(6, 32)",1,0,1,0
"(7, 32)",1,0,0,1
"(8, 32)",0,0,1,0
"(9, 32)",1,1,0,0
"(10, 32)",0,1,0,1
"(11, 32)",0,0,1,1
"(12, 32)",0,0,1,1
"(13, 32)",0,0,1,1
"(14, 32)",0,0,1,1
"(15, 32)",1,0,1,0
"(16, 32)",0,1,0,0
"(17, 32)",1,1,0,0
"(18, 32)",0,1,0,1
"(19, 32)",0,1,1,0
"(20, 32)",0,1,0,1
"(21, 32)",0,1,1,0
"(22, 32)",1,0,0,1
"(23, 32)",0,1,1,0
"(24, 32)",1,1,0,0
"(25, 32)",1,1,0,0
"(26, 32)",1,1,0,0
"(27, 32)",0,1,0,0
"(28, 32)",1,0,0,1
"(29, 32)",0,1,1,0
"(30, 32)",1,0,0,1
"(31, 32)",1,0,1,1
"(32, 32)",0,0,1,0
"(33, 32)",1,1,0,0
"(34, 32)",1,0,0,0
"(35, 32)",1,1,0,0
"(36, 32)",1,0,0,1
"(37, 32)",0,0,1,1
"(38, 32)",0,1,1,0
"(39, 32)",0,0,0,1
"(40, 32)",1,0,1,0
"(1, 33)",1,1,0,0
"(2, 33)",1,0,0,1
"(3, 33)",0,0,1,1
"(4, 33)",0,0,1,1
"(5, 33)",0,1,1,0
"(6, 33)",1,1,0,0
"(7, 33)",0,1,0,1
"(8, 33)",1,0,1,0
"(9, 33)",0,1,0,1
"(10, 33)",0,0,1,1
"(11, 33)",1,0,1,0
"(12, 33)",1,0,0,1
"(13, 33)",0,0,1,0
"(14, 33)",1,0,0,1
"(15, 33)",1,1,1,0
"(16, 33)",1,0,0,1
"(17, 33)",0,1,1,0
"(18, 33)",1,0,0,0
"(19, 33)",1,0,0,1
"(20, 33)",0,0,1,1
"(21, 33)",0,0,1,1
"(22, 33)",0,1,1,1
"(23, 33)",1,0,1,0
"(24, 33)",1,1,0,0
"(25, 33)",1,1,0,0
"(26, 33)",0,1,0,1
"(27, 33)",0,0,1,1
"(28, 33)",0,1,1,1
"(29, 33)",1,0,1,0
"(30, 33)",0,1,0,0
"(31, 33)",0,1,0,1
"(32, 33)",1,0,1,0
"(33, 33)",0,1,0,1
"(34, 33)",1,1,1,0
"(35, 33)",0,1,0,1
"(36, 33)",0,1,1,0
"(37, 33)",1,0,0,1
"(38, 33)",0,0,1,1
"(39, 33)",0,0,1,1
"(40, 33)",1,1,1,0
"(1, 34)",0,1,0,0
"(2, 34)",1,1,0,0
"(3, 34)",1,0,0,1
"(4, 34)",0,0,1,0
"(5, 34)",1,0,0,1
"(6, 34)",0,1,1,0
"(7, 34)",1,0,0,1
"(8, 34)",0,1,1,1
"(9, 34)",1,0,1,0
"(10, 34)",1,0,0,0
"(11, 34)",0,1,0,1
"(12, 34)",1,1,1,0
"(13, 34)",1,0,0,1
"(14, 34)",0,1,1,0
"(15, 34)",1,1,0,0
"(16, 34)",1,1,0,0
"(17, 34)",0,0,0,1
"(18, 34)",1,1,1,0
"(19, 34)",1,1,0,0
"(20, 34)",1,0,0,1
"(21, 34)",0,0,1,0
"(22, 34)",1,0,0,1
"(23, 34)",1,1,1,0
"(24, 34)",0,1,0,0
"(25, 34)",0,1,0,1
"(26, 34)",0,0,1,1
"(27, 34)",1,0,1,0
"(28, 34)",1,0,0,0
"(29, 34)",0,1,0,1
"(30, 34)",0,0,1,1
"(31, 34)",0,0,1,1
"(32, 34)",1,1,1,0
"(33, 34)",1,0,0,0
"(34, 34)",1,1,0,0
"(35, 34)",0,0,0,1
"(36, 34)",0,0,1,1
"(37, 34)",1,1,1,0
"(38, 34)",0,0,0,1
"(39, 34)",1,0,1,1
"(40, 34)",0,1,1,0
"(1, 35)",1,0,0,1
"(2, 35)",0,1,1,0
"(3, 35)",1,1,0,1
"(4, 35)",0,0,1,1
"(5, 35)",0,1,1,0
"(6, 35)",1,0,0,1
"(7, 35)",0,1,1,0
"(8, 35)",0,0,0,1
"(9, 35)",1,1,1,0
"(10, 35)",1,1,0,1
"(11, 35)",0,0,1,0
"(12, 35)",1,1,0,0
"(13, 35)",0,1,0,1
"(14, 35)",1,0,1,0
"(15, 35)",0,1,0,0
"(16, 35)",1,1,0,0
"(17, 35)",1,0,0,1
"(18, 35)",0,1,1,0
"(19, 35)",0,1,0,1
"(20, 35)",1,1,1,0
"(21, 35)",1,0,0,1
"(22, 35)",0,1,1,0
"(23, 35)",0,1,0,0
"(24, 35)",1,0,0,1
"(25, 35)",1,0,1,0
"(26, 35)",1,0,0,1
"(27, 35)",1,1,1,0
"(28, 35)",1,1,0,0
"(29, 35)",1,0,0,1
"(30, 35)",0,0,1,1
"(31, 35)",0,0,1,1
"(32, 35)",0,1,1,1
"(33, 35)",1,1,1,0
"(34, 35)",0,1,0,1
"(35, 35)",0,0,1,1
"(36, 35)",1,0,1,0
"(37, 35)",1,1,0,1
"(38, 35)",1,0,1,0
"(39, 35)",0,1,0,1
"(40, 35)",0,0,1,0
"(1, 36)",1,1,0,1
"(2, 36)",1,0,1,0
"(3, 36)",0,1,0,1
"(4, 36)",0,0,1,1
"(5, 36)",1,0,1,1
"(6, 36)",0,1,1,0
"(7, 36)",1,0,0,1
"(8, 36)",1,0,1,0
"(9, 36)",1,1,0,0
"(10, 36)",0,1,0,1
"(11, 36)",1,0,1,0
"(12, 36)",1,1,0,1
"(13, 36)",0,0,1,0
"(14, 36)",0,1,0,1
"(15, 36)",1,0,1,0
"(16, 36)",1,1,0,0
"(17, 36)",1,1,0,1
"(18, 36)",0,0,1,1
"(19, 36)",0,0,1,1
"(20, 36)",0,1,1,0
"(21, 36)",0,1,0,1
"(22, 36)",1,0,1,0
"(23, 36)",1,0,0,1
"(24, 36)",0,1,1,0
"(25, 36)",0,1,0,1
"(26, 36)",0,1,1,0
"(27, 36)",0,1,0,0
"(28, 36)",1,1,0,1
"(29, 36)",0,1,1,1
"(30, 36)",0,0,1,0
"(31, 36)",1,0,0,1
"(32, 36)",1,0,1,0
"(33, 36)",1,1,0,0
"(34, 36)",1,0,0,1
"(35, 36)",0,0,1,1
"(36, 36)",0,1,1,0
"(37, 36)",0,1,0,0
"(38, 36)",0,1,0,1
"(39, 36)",1,0,1,1
"(40, 36)",1,0,1,0
"(1, 37)",1,1,0,0
"(2, 37)",0,1,0,1
"(3, 37)",1,0,1,0
"(4, 37)",0,0,0,1
"(5, 37)",0,1,1,0
"(6, 37)",1,0,0,1
"(7, 37)",0,1,1,0
"(8, 37)",1,1,0,0
"(9, 37)",0,1,0,1
"(10, 37)",0,0,1,1
"(11, 37)",0,1,1,0
"(12, 37)",1,1,0,0
"(13, 37)",1,0,0,1
"(14, 37)",1,0,1,0
"(15, 37)",1,1,0,0
"(16, 37)",1,1,0,0
"(17, 37)",0,1,0,1
"(18, 37)",0,0,1,1
"(19, 37)",0,0,1,1
"(20, 37)",0,0,1,1
"(21, 37)",0,0,1,0
"(22, 37)",1,1,0,0
"(23, 37)",0,1,0,1
"(24, 37)",0,0,1,1
"(25, 37)",1,0,1,0
"(26, 37)",1,0,0,1
"(27, 37)",1,0,1,0
"(28, 37)",0,1,0,0
"(29, 37)",1,0,0,1
"(30, 37)",0,0,1,1
"(31, 37)",0,1,1,0
"(32, 37)",1,1,0,0
"(33, 37)",1,1,0,0
"(34, 37)",0,1,0,1
"(35, 37)",1,0,1,0
"(36, 37)",1,0,0,1
"(37, 37)",1,0,1,1
"(38, 37)",1,0,1,0
"(39, 37)",0,1,0,0
"(40, 37)",1,1,0,0
"(1, 38)",1,1,0,0
"(2, 38)",1,0,0,0
"(3, 38)",0,1,0,1
"(4, 38)",0,0,1,1
"(5, 38)",1,0,1,0
"(6, 38)",0,1,0,1
"(7, 38)",1,0,1,0
"(8, 38)",0,1,0,1
"(9, 38)",0,0,1,1
"(10, 38)",1,0,1,0
"(11, 38)",1,0,0,1
"(12, 38)",0,1,1,0
"(13, 38)",1,1,0,0
"(14, 38)",0,1,0,1
"(15, 38)",0,1,1,0
"(16, 38)",0,1,0,1
"(17, 38)",0,0,1,1
"(18, 38)",0,0,1,1
"(19, 38)",0,0,1,1
"(20, 38)",0,0,1,1
"(21, 38)",0,0,1,1
"(22, 38)",0,1,1,1
"(23, 38)",1,0,1,0
"(24, 38)",1,0,0,0
"(25, 38)",0,1,0,1
"(26, 38)",0,1,1,0
"(27, 38)",0,1,0,1
"(28, 38)",1,0,1,0
"(29, 38)",0,1,0,1
"(30, 38)",1,0,1,0
"(31, 38)",1,0,0,0
"(32, 38)",1,1,0,0
"(33, 38)",0,1,0,1
"(34, 38)",0,0,1,0
"(35, 38)",1,1,0,0
"(36, 38)",1,1,0,0
"(37, 38)",1,1,0,0
"(38, 38)",0,1,0,1
"(39, 38)",0,0,1,1
"(40, 38)",1,1,1,0
"(1, 39)",1,1,0,0
"(2, 39)",0,1,0,1
"(3, 39)",1,0,1,0
"(4, 39)",1,0,0,1
"(5, 39)",0,1,1,1
"(6, 39)",0,0,1,0
"(7, 39)",0,1,0,1
"(8, 39)",1,0,1,0
"(9, 39)",1,0,0,0
"(10, 39)",0,1,0,1
"(11, 39)",0,1,1,0
"(12, 39)",1,0,0,0
"(13, 39)",1,1,0,0
"(14, 39)",1,0,0,1
"(15, 39)",1,0,1,0
"(16, 39)",1,0,0,1
"(17, 39)",1,0,1,1
"(18, 39)",0,0,1,0
"(19, 39)",1,0,0,1
"(20, 39)",0,0,1,1
"(21, 39)",1,0,1,0
"(22, 39)",1,0,0,1
"(23, 39)",0,1,1,0
"(24, 39)",1,1,0,1
"(25, 39)",1,0,1,0
"(26, 39)",1,0,0,1
"(27, 39)",1,0,1,0
"(28, 39)",0,1,0,1
"(29, 39)",1,0,1,0
"(30, 39)",1,1,0,0
"(31, 39)",1,1,0,0
"(32, 39)",0,1,0,1
"(33, 39)",0,0,1,1
"(34, 39)",0,0,1,1
"(35, 39)",0,1,1,0
"(36, 39)",0,1,0,0
"(37, 39)",0,1,0,1
"(38, 39)",1,0,1,0
"(39, 39)",1,0,0,1
"(40, 39)",0,1,1,0
"(1, 40)",0,1,0,1
"(2, 40)",0,0,1,1
"(3, 40)",0,1,1,0
"(4, 40)",0,1,0,1
"(5, 40)",0,0,1,1
"(6, 40)",0,0,1,1
"(7, 40)",0,0,1,1
"(8, 40)",0,1,1,1
"(9, 40)",0,1,1,1
"(10, 40)",0,0,1,1
"(11, 40)",0,0,1,1
"(12, 40)",0,1,1,0
"(13, 40)",0,1,0,1
"(14, 40)",0,1,1,0
"(15, 40)",0,1,0,1
"(16, 40)",0,1,1,0
"(17, 40)",0,1,0,1
"(18, 40)",0,0,1,1
"(19, 40)",0,1,1,1
"(20, 40)",0,0,1,0
"(21, 40)",0,1,0,1
"(22, 40)",0,1,1,1
"(23, 40)",0,0,1,1
"(24, 40)",0,1,1,0
"(25, 40)",0,1,0,1
"(26, 40)",0,1,1,0
"(27, 40)",0,1,0,1
"(28, 40)",0,0,1,0
"(29, 40)",0,1,0,1
"(30, 40)",0,1,1,1
"(31, 40)",0,1,1,1
"(32, 40)",0,0,1,1
"(33, 40)",0,0,1,1
"(34, 40)",0,0,1,1
"(35, 40)",0,0,1,1
"(36, 40)",0,0,1,1
"(37, 40)",0,0,1,1
"(38, 40)",0,1,1,0
"(39, 40)",0,1,0,1
"(40, 40)",0,0,1,0